ID	chrom	loc.start	loc.end	num.mark	seg.mean
MDA-PCa-153-7		2700001	5159001	1899	1.2392
MDA-PCa-153-7		5160001	5163001	4	0.1752
MDA-PCa-153-7		5166001	58503001	42405	1.2411
MDA-PCa-153-7		58515001	58519001	5	4.3338
MDA-PCa-153-7		58521001	58534001	3	2.3566
MDA-PCa-153-7		58547001	63499001	1184	1.1889
MDA-PCa-153-7		63509001	66058001	1840	0.2132
MDA-PCa-153-7		67046001	67581001	271	1.7879
MDA-PCa-153-7		67582001	76992001	6440	0.2456
MDA-PCa-153-7		76993001	76995001	3	-0.5993
MDA-PCa-153-7		76996001	78921001	1511	0.2134
MDA-PCa-153-7		78922001	78925001	4	-0.5961
MDA-PCa-153-7		78926001	154790001	57973	0.2253
MDA-PCa-153-7		154791001	154796001	6	-0.7927
MDA-PCa-153-7		154804001	154928001	100	0.2089
MDA-PCa-153-7		2650001	9928001	2333	0.4886
MDA-PCa-153-7		9955001	9996001	21	-0.0608
MDA-PCa-153-7		10003001	13642001	44	0.5488
MDA-PCa-153-7		13647001	13848001	18	1.3888
MDA-PCa-153-7		13987001	28783001	6191	0.4741
MDA-PCa-155-2		2700001	6011001	2678	-2.3711
MDA-PCa-155-2		6012001	13521001	6356	-0.4794
MDA-PCa-155-2		13522001	13862001	284	0.5252
MDA-PCa-155-2		13863001	16652001	2311	-0.495
MDA-PCa-155-2		16653001	16896001	173	0.5468
MDA-PCa-155-2		16898001	57438001	31709	-0.4948
MDA-PCa-155-2		57444001	58469001	785	0.5277
MDA-PCa-155-2		58470001	58503001	22	1.2793
MDA-PCa-155-2		58515001	58518001	4	5.4311
MDA-PCa-155-2		58519001	58522001	3	3.024
MDA-PCa-155-2		58534001	61903001	86	1.2787
MDA-PCa-155-2		61904001	78921001	12079	0.4595
MDA-PCa-155-2		78922001	78925001	4	-0.3374
MDA-PCa-155-2		78926001	83513001	3688	0.43
MDA-PCa-155-2		83514001	83595001	71	-0.5939
MDA-PCa-155-2		83596001	106533001	15924	0.4653
MDA-PCa-155-2		106535001	106537001	3	-0.2647
MDA-PCa-155-2		106538001	116074001	7735	0.4633
MDA-PCa-155-2		116081001	116097001	16	1.3561
MDA-PCa-155-2		116105001	127767001	9414	0.5021
MDA-PCa-155-2		127768001	128242001	376	-0.5205
MDA-PCa-155-2		128243001	154928001	20841	0.4773
MDA-PCa-155-2		2650001	9908001	2325	0.0215
MDA-PCa-155-2		9911001	9922001	7	0.9207
MDA-PCa-155-2		9926001	9965001	7	0.0153
MDA-PCa-155-2		9966001	9978001	5	-0.5724
MDA-PCa-155-2		9979001	10009001	20	0.0347
MDA-PCa-155-2		10010001	13136001	27	0.8476
MDA-PCa-155-2		13198001	13642001	24	0.0109
MDA-PCa-155-2		13643001	13863001	34	1.6621
MDA-PCa-155-2		13987001	28783001	6191	0.0721
MDA-PCa-117-9		2700001	5159001	1901	-0.0311
MDA-PCa-117-9		5160001	5163001	4	-1.0047
MDA-PCa-117-9		5166001	23868001	15740	-0.0208
MDA-PCa-117-9		23870001	29522001	4709	0.9681
MDA-PCa-117-9		29523001	29525001	3	1.5377
MDA-PCa-117-9		29526001	29658001	114	1.0027
MDA-PCa-117-9		29659001	32352001	2323	-0.0462
MDA-PCa-117-9		32353001	32509001	146	0.9674
MDA-PCa-117-9		32511001	57068001	18318	-0.0382
MDA-PCa-117-9		57069001	58464001	1034	0.981
MDA-PCa-117-9		58465001	58503001	28	1.4555
MDA-PCa-117-9		58515001	58522001	7	4.6547
MDA-PCa-117-9		58534001	61895001	89	1.3265
MDA-PCa-117-9		61896001	61916001	19	0.6688
MDA-PCa-117-9		61917001	64807001	2024	-0.0249
MDA-PCa-117-9		64808001	66108001	971	0.9724
MDA-PCa-117-9		66109001	66452001	247	1.5485
MDA-PCa-117-9		66453001	67708001	973	0.9783
MDA-PCa-117-9		67709001	68275001	474	1.5853
MDA-PCa-117-9		68279001	70713001	1808	0.9731
MDA-PCa-117-9		70723001	77119001	4132	-0.0393
MDA-PCa-117-9		77121001	77123001	3	1.3065
MDA-PCa-117-9		77124001	92796001	10143	-0.0478
MDA-PCa-117-9		92797001	92800001	4	-1.0706
MDA-PCa-117-9		92801001	129280001	29359	-0.0304
MDA-PCa-117-9		129281001	132771001	2909	0.9792
MDA-PCa-117-9		132772001	140559001	6067	-0.0373
MDA-PCa-117-9		140691001	140875001	145	0.948
MDA-PCa-117-9		140876001	140880001	3	1.6925
MDA-PCa-117-9		140881001	141358001	412	0.9472
MDA-PCa-117-9		141362001	142956001	1339	-0.0491
MDA-PCa-117-9		142957001	143121001	146	0.3076
MDA-PCa-117-9		143123001	154928001	8992	-0.0419
MDA-PCa-117-9		2650001	3407001	228	1.2561
MDA-PCa-117-9		3713001	9908001	2097	0.2145
MDA-PCa-117-9		9910001	9921001	7	1.3173
MDA-PCa-117-9		9922001	10009001	36	-0.1011
MDA-PCa-117-9		10010001	13136001	32	0.9787
MDA-PCa-117-9		13198001	13642001	24	0.2195
MDA-PCa-117-9		13643001	13863001	39	1.7549
MDA-PCa-117-9		13987001	24874001	6174	0.2106
MDA-PCa-117-9		28529001	28783001	17	1.2188
MDA-PCa-163-A		2700001	5159001	1900	0.5828
MDA-PCa-163-A		5160001	5163001	4	-0.4916
MDA-PCa-163-A		5166001	26810001	18126	0.5976
MDA-PCa-163-A		26811001	26821001	10	1.5022
MDA-PCa-163-A		26822001	31513001	3994	0.5679
MDA-PCa-163-A		31514001	31527001	13	0.8853
MDA-PCa-163-A		31532001	58470001	20252	0.5928
MDA-PCa-163-A		58472001	58503001	21	1.1367
MDA-PCa-163-A		58514001	58524001	10	3.9571
MDA-PCa-163-A		58534001	61916001	91	1.2269
MDA-PCa-163-A		61917001	78920001	12069	0.5874
MDA-PCa-163-A		78921001	78925001	5	-0.0989
MDA-PCa-163-A		78926001	122950001	32774	0.5709
MDA-PCa-163-A		122951001	122957001	3	-0.6268
MDA-PCa-163-A		122959001	126594001	3046	0.5692
MDA-PCa-163-A		126595001	126602001	4	-0.0254
MDA-PCa-163-A		126603001	154790001	22132	0.5842
MDA-PCa-163-A		154791001	154796001	6	-0.4537
MDA-PCa-163-A		154804001	154916001	90	0.601
MDA-PCa-163-A		154917001	154921001	3	-0.3824
MDA-PCa-163-A		154922001	154928001	7	0.5774
MDA-PCa-163-A		2650001	9908001	2325	0.2683
MDA-PCa-163-A		9911001	9930001	11	0.8652
MDA-PCa-163-A		9955001	10009001	29	-0.21
MDA-PCa-163-A		10010001	13136001	24	0.868
MDA-PCa-163-A		13198001	13642001	24	0.2539
MDA-PCa-163-A		13643001	13848001	28	1.4715
MDA-PCa-163-A		13987001	28783001	6191	0.2377
MDA-PCa-166-1		2700001	5159001	1900	0.0337
MDA-PCa-166-1		5160001	5163001	4	-1.0917
MDA-PCa-166-1		5166001	26810001	18126	0.0476
MDA-PCa-166-1		26811001	26821001	10	0.9649
MDA-PCa-166-1		26822001	58356001	24152	0.0354
MDA-PCa-166-1		58357001	58469001	106	0.376
MDA-PCa-166-1		58470001	58503001	23	0.9553
MDA-PCa-166-1		58514001	58524001	10	4.0518
MDA-PCa-166-1		58534001	61916001	102	1.0339
MDA-PCa-166-1		61917001	78921001	12070	0.046
MDA-PCa-166-1		78922001	78925001	4	-0.7121
MDA-PCa-166-1		78926001	154790001	57961	0.0323
MDA-PCa-166-1		154791001	154796001	6	-0.9197
MDA-PCa-166-1		154804001	154928001	100	0.0435
MDA-PCa-166-1		2650001	9908001	2325	0.2976
MDA-PCa-166-1		9911001	9930001	12	0.9386
MDA-PCa-166-1		9955001	9996001	24	-0.3033
MDA-PCa-166-1		10003001	10010001	7	0.3118
MDA-PCa-166-1		10020001	13136001	23	0.9665
MDA-PCa-166-1		13198001	13642001	24	0.3917
MDA-PCa-166-1		13643001	13848001	28	1.6521
MDA-PCa-166-1		13987001	28783001	6191	0.2745
MDA-PCa-173-2		2700001	5159001	1899	-0.0122
MDA-PCa-173-2		5160001	5163001	4	-1.2383
MDA-PCa-173-2		5166001	58469001	42395	-0.0087
MDA-PCa-173-2		58470001	58502001	17	0.7249
MDA-PCa-173-2		58515001	58522001	7	4.2236
MDA-PCa-173-2		58534001	61917001	65	0.8125
MDA-PCa-173-2		61918001	92796001	20770	-0.02
MDA-PCa-173-2		92797001	92800001	4	-1.0186
MDA-PCa-173-2		92801001	104773001	9502	-0.0137
MDA-PCa-173-2		104778001	108341001	510	-6.0952
MDA-PCa-173-2		108342001	108346001	4	-3.924
MDA-PCa-173-2		108350001	110120001	253	-6.0799
MDA-PCa-173-2		110123001	154928001	35450	-0.0139
MDA-PCa-173-2		2650001	3407001	228	0.2646
MDA-PCa-173-2		3713001	3720001	8	-0.9709
MDA-PCa-173-2		4078001	9928001	2096	0.2511
MDA-PCa-173-2		9955001	9996001	18	-0.1356
MDA-PCa-173-2		10003001	13642001	41	0.2835
MDA-PCa-173-2		13646001	13848001	12	1.1938
MDA-PCa-173-2		13987001	24522001	6171	0.2418
MDA-PCa-173-2		24873001	28745001	12	1.1161
MDA-PCa-173-2		28763001	28783001	7	0.1473
MDA-PCa-174-6		2700001	5159001	1900	0.0084
MDA-PCa-174-6		5160001	5163001	4	-1.0152
MDA-PCa-174-6		5166001	7906001	2392	0.0181
MDA-PCa-174-6		7907001	9135001	1003	1.0721
MDA-PCa-174-6		9137001	22943001	11620	0.0365
MDA-PCa-174-6		22944001	24485001	1146	0.6156
MDA-PCa-174-6		24486001	26572001	1749	1.0783
MDA-PCa-174-6		26573001	37353001	9302	0.0098
MDA-PCa-174-6		37364001	37367001	3	0.8833
MDA-PCa-174-6		37369001	44733001	6113	0.0268
MDA-PCa-174-6		44734001	44896001	124	0.7534
MDA-PCa-174-6		44902001	48496001	2561	0.0644
MDA-PCa-174-6		48498001	48502001	3	-2.0796
MDA-PCa-174-6		48503001	58469001	6372	0.0251
MDA-PCa-174-6		58470001	58503001	23	1.0517
MDA-PCa-174-6		58515001	58522001	7	5.1646
MDA-PCa-174-6		58534001	61898001	85	1.3566
MDA-PCa-174-6		61899001	63716001	1298	0.0546
MDA-PCa-174-6		63723001	63734001	5	0.8163
MDA-PCa-174-6		63740001	74279001	7515	0.0224
MDA-PCa-174-6		74280001	76208001	1243	0.6034
MDA-PCa-174-6		76213001	77119001	581	0.0131
MDA-PCa-174-6		77121001	77123001	3	1.3001
MDA-PCa-174-6		77124001	78921001	1439	0.0053
MDA-PCa-174-6		78922001	78929001	6	-0.6811
MDA-PCa-174-6		78930001	89439001	7931	0.0083
MDA-PCa-174-6		89530001	90558001	141	0.5791
MDA-PCa-174-6		90559001	90859001	150	-0.0151
MDA-PCa-174-6		90971001	91881001	110	1.0415
MDA-PCa-174-6		92376001	92546001	148	0.0228
MDA-PCa-174-6		92547001	92796001	218	1.018
MDA-PCa-174-6		92797001	92800001	4	-0.0048
MDA-PCa-174-6		92801001	93799001	888	1.0073
MDA-PCa-174-6		93800001	94452001	560	1.5843
MDA-PCa-174-6		94453001	95049001	520	0.9963
MDA-PCa-174-6		95050001	127069001	25558	0.0217
MDA-PCa-174-6		127070001	127527001	413	0.614
MDA-PCa-174-6		127528001	130866001	2696	0.024
MDA-PCa-174-6		130867001	132404001	1307	1.0956
MDA-PCa-174-6		132405001	135477001	2328	0.0276
MDA-PCa-174-6		135478001	136991001	1262	0.604
MDA-PCa-174-6		136992001	138004001	845	0.0263
MDA-PCa-174-6		138005001	138077001	63	0.6601
MDA-PCa-174-6		138079001	139804001	1392	0.0354
MDA-PCa-174-6		139805001	139807001	3	1.1273
MDA-PCa-174-6		139808001	141586001	1213	0.0111
MDA-PCa-174-6		141587001	141752001	146	0.6124
MDA-PCa-174-6		141753001	142023001	212	0.0105
MDA-PCa-174-6		142024001	142149001	109	0.6366
MDA-PCa-174-6		142150001	144859001	2240	0.0053
MDA-PCa-174-6		144860001	146188001	1147	1.2751
MDA-PCa-174-6		146189001	149443001	2533	0.0087
MDA-PCa-174-6		149444001	149939001	448	0.5769
MDA-PCa-174-6		149940001	154790001	3374	0.0088
MDA-PCa-174-6		154791001	154796001	6	-0.8446
MDA-PCa-174-6		154804001	154928001	100	0.0031
MDA-PCa-174-6		2650001	3406001	227	-0.7191
MDA-PCa-174-6		3407001	3720001	9	-1.8555
MDA-PCa-174-6		4078001	9908001	2089	-0.7289
MDA-PCa-174-6		9911001	9913001	3	1.2708
MDA-PCa-174-6		9917001	9973001	12	-0.3808
MDA-PCa-174-6		9974001	10009001	22	0.0967
MDA-PCa-174-6		10010001	13136001	26	1.0044
MDA-PCa-174-6		13198001	13642001	24	-0.4748
MDA-PCa-174-6		13643001	13848001	37	1.5856
MDA-PCa-174-6		13987001	28783001	6191	-0.7374
MDA-PCa-175-6		2700001	5159001	1900	-0.0067
MDA-PCa-175-6		5160001	5163001	4	-1.0631
MDA-PCa-175-6		5166001	58469001	42391	-0.0075
MDA-PCa-175-6		58470001	58502001	17	0.8148
MDA-PCa-175-6		58515001	58518001	4	4.2261
MDA-PCa-175-6		58519001	58534001	4	2.0075
MDA-PCa-175-6		58547001	61917001	76	0.8743
MDA-PCa-175-6		61918001	78921001	12064	-0.0125
MDA-PCa-175-6		78922001	78925001	4	-0.7196
MDA-PCa-175-6		78926001	92796001	8700	-0.027
MDA-PCa-175-6		92797001	92800001	4	-0.9664
MDA-PCa-175-6		92801001	94345001	1355	-0.0175
MDA-PCa-175-6		94346001	94393001	38	0.9735
MDA-PCa-175-6		94396001	154790001	47882	-0.0112
MDA-PCa-175-6		154791001	154796001	6	-0.9281
MDA-PCa-175-6		154804001	154928001	100	-0.017
MDA-PCa-175-6		2650001	3407001	228	0.2593
MDA-PCa-175-6		3713001	3720001	8	-0.9622
MDA-PCa-175-6		4078001	9928001	2097	0.2561
MDA-PCa-175-6		9955001	10009001	26	-0.1939
MDA-PCa-175-6		10010001	13642001	48	0.3218
MDA-PCa-175-6		13647001	13840001	15	1.3446
MDA-PCa-175-6		13987001	28783001	6191	0.2384
MDA-PCa-177-B		2700001	5159001	1898	0.4276
MDA-PCa-177-B		5160001	5163001	4	-0.7495
MDA-PCa-177-B		5166001	28934001	19947	0.4666
MDA-PCa-177-B		28935001	29074001	122	1.0198
MDA-PCa-177-B		29076001	58469001	22326	0.4138
MDA-PCa-177-B		58470001	58503001	22	1.1742
MDA-PCa-177-B		58515001	58522001	6	4.1583
MDA-PCa-177-B		58534001	61903001	72	1.146
MDA-PCa-177-B		61904001	92796001	20780	0.3696
MDA-PCa-177-B		92797001	92800001	4	-0.7058
MDA-PCa-177-B		92801001	92803001	3	0.8911
MDA-PCa-177-B		92805001	101054001	6852	0.364
MDA-PCa-177-B		101055001	101059001	4	1.3315
MDA-PCa-177-B		101068001	126595001	20273	0.4015
MDA-PCa-177-B		126596001	126602001	3	-0.3872
MDA-PCa-177-B		126603001	128497001	1594	0.3288
MDA-PCa-177-B		128500001	128503001	3	-0.3218
MDA-PCa-177-B		128504001	131004001	2021	0.4293
MDA-PCa-177-B		131005001	131011001	3	-0.9301
MDA-PCa-177-B		131012001	154790001	18511	0.3676
MDA-PCa-177-B		154791001	154796001	6	-0.524
MDA-PCa-177-B		154804001	154928001	100	0.4031
MDA-PCa-177-B		2659001	9862001	75	-5.8194
MDA-PCa-177-B		9908001	9913001	5	0.6479
MDA-PCa-177-B		9918001	10054001	55	-1.1079
MDA-PCa-177-B		10060001	13136001	13	0.8314
MDA-PCa-177-B		13203001	13642001	6	-1.6562
MDA-PCa-177-B		13643001	13863001	34	1.2171
MDA-PCa-177-B		14030001	24508001	278	-5.4456
MDA-PCa-178-11		2700001	5159001	1899	0.7759
MDA-PCa-178-11		5160001	5163001	4	-0.1765
MDA-PCa-178-11		5166001	51729001	38316	0.7817
MDA-PCa-178-11		51730001	51743001	3	-4.4687
MDA-PCa-178-11		51748001	51773001	8	1.068
MDA-PCa-178-11		51774001	58502001	4078	0.7817
MDA-PCa-178-11		58515001	58521001	4	5.2759
MDA-PCa-178-11		58534001	61925001	83	1.2428
MDA-PCa-178-11		61926001	77119001	10615	0.782
MDA-PCa-178-11		77121001	77123001	3	1.9969
MDA-PCa-178-11		77124001	92796001	10140	0.7733
MDA-PCa-178-11		92797001	92800001	4	-0.2858
MDA-PCa-178-11		92801001	122950001	24081	0.7846
MDA-PCa-178-11		122951001	122957001	3	-0.9438
MDA-PCa-178-11		122959001	145108001	17901	0.7799
MDA-PCa-178-11		145109001	145148001	5	-5.3396
MDA-PCa-178-11		145151001	154928001	7354	0.776
MDA-PCa-178-11		2650001	3407001	228	0.4451
MDA-PCa-178-11		3713001	3720001	8	-0.7686
MDA-PCa-178-11		4078001	9928001	2097	0.4488
MDA-PCa-178-11		9955001	10006001	21	-0.017
MDA-PCa-178-11		10007001	13642001	43	0.5413
MDA-PCa-178-11		13644001	13848001	24	1.4774
MDA-PCa-178-11		13987001	28783001	6191	0.4419
MDA-PCa-180-30		2700001	5159001	1897	-0.0126
MDA-PCa-180-30		5160001	5163001	4	-0.96
MDA-PCa-180-30		5166001	16866001	9870	-0.0015
MDA-PCa-180-30		16867001	49465001	26699	0.8732
MDA-PCa-180-30		49466001	49665001	178	1.4239
MDA-PCa-180-30		49666001	58502001	5658	0.863
MDA-PCa-180-30		58515001	58518001	3	4.2992
MDA-PCa-180-30		58519001	69460001	5698	0.8756
MDA-PCa-180-30		69461001	69470001	3	1.5622
MDA-PCa-180-30		69472001	92796001	15114	0.8534
MDA-PCa-180-30		92797001	92800001	4	-0.2609
MDA-PCa-180-30		92801001	94700001	1666	0.8427
MDA-PCa-180-30		94701001	94727001	23	0.0447
MDA-PCa-180-30		94728001	94821001	79	0.8469
MDA-PCa-180-30		94822001	94830001	8	-0.0279
MDA-PCa-180-30		94831001	94942001	98	0.8663
MDA-PCa-180-30		94943001	95118001	154	-0.0404
MDA-PCa-180-30		95119001	95122001	4	0.6512
MDA-PCa-180-30		95123001	95224001	85	-0.0384
MDA-PCa-180-30		95225001	95240001	13	0.838
MDA-PCa-180-30		95241001	95260001	20	0.0583
MDA-PCa-180-30		95261001	95407001	119	0.8356
MDA-PCa-180-30		95408001	95426001	19	-0.0202
MDA-PCa-180-30		95427001	95515001	64	0.8885
MDA-PCa-180-30		95517001	95523001	7	-0.108
MDA-PCa-180-30		95531001	99166001	3054	0.8653
MDA-PCa-180-30		99167001	119053001	15600	-0.0089
MDA-PCa-180-30		119054001	119063001	4	0.6753
MDA-PCa-180-30		119066001	119908001	611	0.0085
MDA-PCa-180-30		119910001	119938001	29	0.9299
MDA-PCa-180-30		119940001	132754001	10601	-0.0059
MDA-PCa-180-30		132764001	132769001	6	0.6937
MDA-PCa-180-30		132771001	154928001	17105	-0.0173
MDA-PCa-180-30		2650001	3407001	228	0.1246
MDA-PCa-180-30		3713001	3720001	8	0.5466
MDA-PCa-180-30		4078001	9906001	2087	0.0772
MDA-PCa-180-30		9907001	9913001	4	0.7512
MDA-PCa-180-30		9918001	10008001	28	-0.1011
MDA-PCa-180-30		10009001	13134001	18	0.5345
MDA-PCa-180-30		13198001	13642001	24	0.0743
MDA-PCa-180-30		13653001	13848001	12	1.2946
MDA-PCa-180-30		13987001	28783001	6190	0.0849
MDA-PCa-183-A		2700001	5159001	1900	0.2198
MDA-PCa-183-A		5160001	5163001	4	-0.8609
MDA-PCa-183-A		5166001	7056001	1674	0.2071
MDA-PCa-183-A		7057001	7078001	21	-0.8018
MDA-PCa-183-A		7079001	8248001	983	0.2147
MDA-PCa-183-A		8249001	8395001	140	1.2315
MDA-PCa-183-A		8396001	58469001	39577	0.2442
MDA-PCa-183-A		58470001	58503001	22	1.0536
MDA-PCa-183-A		58515001	58522001	7	4.31
MDA-PCa-183-A		58534001	61917001	82	1.1078
MDA-PCa-183-A		61918001	77119001	10627	0.2425
MDA-PCa-183-A		77121001	77123001	3	1.4648
MDA-PCa-183-A		77124001	78923001	1441	0.2176
MDA-PCa-183-A		78924001	78926001	3	-0.6652
MDA-PCa-183-A		78929001	101054001	15554	0.1983
MDA-PCa-183-A		101055001	101059001	4	1.0907
MDA-PCa-183-A		101068001	126594001	20272	0.2364
MDA-PCa-183-A		126595001	126602001	4	-0.3862
MDA-PCa-183-A		126603001	154928001	22235	0.2244
MDA-PCa-183-A		2669001	2849001	25	2.3817
MDA-PCa-183-A		2850001	3407001	63	2.0245
MDA-PCa-183-A		3713001	3720001	8	0.8418
MDA-PCa-183-A		4078001	6063001	8	1.9334
MDA-PCa-183-A		6404001	6921001	169	2.2718
MDA-PCa-183-A		6923001	6934001	9	1.1503
MDA-PCa-183-A		6935001	6943001	8	1.6049
MDA-PCa-183-A		6944001	7124001	130	1.2354
MDA-PCa-183-A		7125001	9928001	1688	1.7014
MDA-PCa-183-A		9966001	10008001	18	0.7318
MDA-PCa-183-A		10009001	13134001	6	1.3718
MDA-PCa-183-A		13198001	13642001	24	-0.6144
MDA-PCa-183-A		13643001	13848001	23	1.4689
MDA-PCa-183-A		13987001	16972001	2228	-0.6964
MDA-PCa-183-A		17275001	23801001	103	-5.33
MDA-PCa-183-A		23897001	23900001	4	0.7819
MDA-PCa-183-A		23965001	28778001	9	-5.382
MDA-PCa-118b		2700001	5159001	1900	-0.4162
MDA-PCa-118b		5160001	5163001	4	-1.4505
MDA-PCa-118b		5166001	25555001	17049	-0.3884
MDA-PCa-118b		25556001	25567001	12	0.5668
MDA-PCa-118b		25568001	53774001	22136	-0.4227
MDA-PCa-118b		53777001	53851001	43	0.5802
MDA-PCa-118b		53852001	58331001	3027	-0.4492
MDA-PCa-118b		58332001	58469001	128	-0.0946
MDA-PCa-118b		58470001	58503001	22	0.714
MDA-PCa-118b		58514001	58519001	6	4.9569
MDA-PCa-118b		58521001	61917001	104	1.0059
MDA-PCa-118b		61918001	69954001	6005	-0.4465
MDA-PCa-118b		69955001	69964001	7	0.2385
MDA-PCa-118b		69965001	154928001	64124	-0.417
MDA-PCa-118b		2732001	3720001	12	-1.3877
MDA-PCa-118b		6063001	9774001	22	-5.1574
MDA-PCa-118b		9908001	9921001	8	0.8478
MDA-PCa-118b		9922001	10009001	33	-0.9292
MDA-PCa-118b		10010001	10062001	24	0.3476
MDA-PCa-118b		10067001	13203001	8	1.3489
MDA-PCa-118b		13204001	13642001	4	-1.4468
MDA-PCa-118b		13643001	13863001	39	1.0928
MDA-PCa-118b		14025001	14909001	23	-4.4194
MDA-PCa-118b		14977001	28783001	5479	-0.1728
MDA-PCa-200-0		2700001	58469001	44299	0.0682
MDA-PCa-200-0		58470001	58502001	19	0.9004
MDA-PCa-200-0		58515001	58518001	4	4.371
MDA-PCa-200-0		58519001	58522001	3	2.4614
MDA-PCa-200-0		58534001	61903001	84	1.0898
MDA-PCa-200-0		61904001	68646001	5021	0.0537
MDA-PCa-200-0		68647001	68662001	11	-3.9434
MDA-PCa-200-0		68663001	77119001	5607	0.0566
MDA-PCa-200-0		77121001	77123001	3	1.3636
MDA-PCa-200-0		77124001	78921001	1439	0.0339
MDA-PCa-200-0		78922001	78925001	4	-0.7928
MDA-PCa-200-0		78926001	92796001	8700	0.0345
MDA-PCa-200-0		92797001	92800001	4	-1.0107
MDA-PCa-200-0		92801001	103256001	8288	0.0582
MDA-PCa-200-0		103259001	103303001	31	0.9451
MDA-PCa-200-0		103327001	107936001	3868	0.0703
MDA-PCa-200-0		107937001	107939001	3	-2.4425
MDA-PCa-200-0		107940001	115137001	5818	0.058
MDA-PCa-200-0		115138001	115152001	9	-3.4323
MDA-PCa-200-0		115153001	139804001	19830	0.0704
MDA-PCa-200-0		139805001	139807001	3	1.1632
MDA-PCa-200-0		139808001	140476001	417	0.0692
MDA-PCa-200-0		140477001	140479001	3	-2.5406
MDA-PCa-200-0		140480001	154765001	10990	0.0652
MDA-PCa-200-0		154766001	154768001	3	-0.6408
MDA-PCa-200-0		154769001	154928001	114	0.076
MDA-PCa-200-0		2650001	2653001	2	1.2644
MDA-PCa-200-0		2654001	3407001	226	0.7933
MDA-PCa-200-0		3713001	3720001	8	-0.4168
MDA-PCa-200-0		4078001	9928001	2098	0.6127
MDA-PCa-200-0		9955001	9996001	21	0.0558
MDA-PCa-200-0		10003001	13136001	28	0.9165
MDA-PCa-200-0		13198001	13642001	24	0.2001
MDA-PCa-200-0		13643001	13848001	29	1.6097
MDA-PCa-200-0		13987001	28783001	6191	0.2053
MDA-PCa-203-A		2700001	5159001	1900	0.2638
MDA-PCa-203-A		5160001	5163001	4	-0.7466
MDA-PCa-203-A		5166001	7056001	1674	0.252
MDA-PCa-203-A		7057001	7078001	21	-0.7998
MDA-PCa-203-A		7079001	8248001	983	0.2579
MDA-PCa-203-A		8249001	8395001	140	1.2744
MDA-PCa-203-A		8396001	58469001	39577	0.2747
MDA-PCa-203-A		58470001	58503001	22	1.117
MDA-PCa-203-A		58515001	58518001	4	4.581
MDA-PCa-203-A		58519001	61917001	98	1.2597
MDA-PCa-203-A		61918001	77119001	10626	0.2687
MDA-PCa-203-A		77121001	77123001	3	1.5293
MDA-PCa-203-A		77124001	78923001	1441	0.2507
MDA-PCa-203-A		78924001	78929001	4	-0.5301
MDA-PCa-203-A		78930001	101054001	15553	0.2477
MDA-PCa-203-A		101055001	101059001	4	1.2045
MDA-PCa-203-A		101068001	154928001	42511	0.2636
MDA-PCa-203-A		2650001	3407001	228	0.7512
MDA-PCa-203-A		3713001	3720001	8	-0.4398
MDA-PCa-203-A		4078001	9928001	2097	0.7102
MDA-PCa-203-A		9955001	9996001	22	0.0943
MDA-PCa-203-A		10003001	13134001	21	1.1199
MDA-PCa-203-A		13198001	13642001	24	-0.4448
MDA-PCa-203-A		13643001	13848001	28	1.6153
MDA-PCa-203-A		13987001	16972001	2227	-0.5892
MDA-PCa-203-A		17071001	23802001	82	-4.9094
MDA-PCa-203-A		23897001	23900001	4	0.0185
MDA-PCa-203-A		24365001	28622001	6	-4.8395
MDA-PCa-250-15		2700001	2806001	60	0.2016
MDA-PCa-250-15		2810001	2817001	6	-0.4161
MDA-PCa-250-15		2819001	5159001	1834	0.1994
MDA-PCa-250-15		5160001	5163001	4	-0.7514
MDA-PCa-250-15		5166001	8638001	2976	0.1156
MDA-PCa-250-15		8639001	8645001	7	-0.4145
MDA-PCa-250-15		8646001	17512001	7427	0.1251
MDA-PCa-250-15		17513001	17515001	3	-0.8611
MDA-PCa-250-15		17516001	17733001	207	0.0104
MDA-PCa-250-15		17734001	17738001	4	0.6999
MDA-PCa-250-15		17739001	17751001	12	0.1069
MDA-PCa-250-15		17752001	17761001	9	-0.5237
MDA-PCa-250-15		17762001	20727001	2469	0.1568
MDA-PCa-250-15		20728001	20734001	7	-0.3326
MDA-PCa-250-15		20735001	23589001	2434	0.1563
MDA-PCa-250-15		23592001	23602001	11	-0.3882
MDA-PCa-250-15		23603001	23800001	138	0.2226
MDA-PCa-250-15		23801001	23803001	3	-0.6861
MDA-PCa-250-15		23804001	28048001	3486	0.1397
MDA-PCa-250-15		28049001	28058001	10	-0.4469
MDA-PCa-250-15		28059001	29522001	1246	0.1229
MDA-PCa-250-15		29523001	29525001	3	1.0021
MDA-PCa-250-15		29526001	29885001	321	0.1142
MDA-PCa-250-15		29886001	29896001	11	-0.3538
MDA-PCa-250-15		29897001	29931001	30	0.0522
MDA-PCa-250-15		29932001	29939001	5	0.5535
MDA-PCa-250-15		29940001	30020001	63	0.0913
MDA-PCa-250-15		30021001	30028001	8	-0.4659
MDA-PCa-250-15		30029001	30808001	626	0.134
MDA-PCa-250-15		30809001	30823001	15	0.6417
MDA-PCa-250-15		30824001	31178001	322	0.0814
MDA-PCa-250-15		31179001	31185001	7	-0.35
MDA-PCa-250-15		31186001	33025001	1644	0.1396
MDA-PCa-250-15		33026001	33029001	3	-0.8094
MDA-PCa-250-15		33030001	34633001	1428	0.2096
MDA-PCa-250-15		34634001	34636001	3	0.9069
MDA-PCa-250-15		34637001	35715001	939	0.1066
MDA-PCa-250-15		35716001	35726001	11	-0.3585
MDA-PCa-250-15		35727001	36730001	872	0.1142
MDA-PCa-250-15		36733001	36800001	64	-0.3377
MDA-PCa-250-15		36801001	38659001	1491	0.0585
MDA-PCa-250-15		38660001	38666001	7	-0.6856
MDA-PCa-250-15		38667001	38879001	199	0.0404
MDA-PCa-250-15		38880001	38897001	17	0.4511
MDA-PCa-250-15		38898001	40326001	1246	0.0733
MDA-PCa-250-15		40327001	40334001	7	-0.4238
MDA-PCa-250-15		40335001	40587001	217	0.2019
MDA-PCa-250-15		40588001	40598001	10	-0.3363
MDA-PCa-250-15		40599001	40941001	251	0.188
MDA-PCa-250-15		40942001	40958001	15	-0.2716
MDA-PCa-250-15		40959001	41190001	167	0.265
MDA-PCa-250-15		41191001	41197001	7	-0.5063
MDA-PCa-250-15		41198001	42037001	654	0.192
MDA-PCa-250-15		42038001	42045001	8	-0.48
MDA-PCa-250-15		42046001	43512001	1262	0.125
MDA-PCa-250-15		43514001	43518001	5	-0.5345
MDA-PCa-250-15		43519001	44727001	940	0.1615
MDA-PCa-250-15		44728001	44736001	8	-0.2719
MDA-PCa-250-15		44737001	46817001	1677	0.1963
MDA-PCa-250-15		46818001	46823001	6	-0.4026
MDA-PCa-250-15		46824001	47069001	192	0.2402
MDA-PCa-250-15		47070001	47096001	26	-0.2448
MDA-PCa-250-15		47097001	48767001	976	0.1897
MDA-PCa-250-15		48768001	48776001	8	-0.3736
MDA-PCa-250-15		48777001	49042001	165	0.2517
MDA-PCa-250-15		49043001	49047001	5	-0.444
MDA-PCa-250-15		49049001	49374001	109	0.1671
MDA-PCa-250-15		49375001	49379001	4	0.8525
MDA-PCa-250-15		49380001	51054001	1340	0.0598
MDA-PCa-250-15		51058001	51069001	9	-0.5412
MDA-PCa-250-15		51072001	52003001	570	0.1184
MDA-PCa-250-15		52004001	52020001	14	-0.3579
MDA-PCa-250-15		52021001	52599001	81	0.1401
MDA-PCa-250-15		52602001	52609001	7	-0.4662
MDA-PCa-250-15		52610001	53114001	157	0.0709
MDA-PCa-250-15		53115001	53125001	9	-0.4151
MDA-PCa-250-15		53128001	54053001	675	0.1898
MDA-PCa-250-15		54054001	54057001	4	-0.327
MDA-PCa-250-15		54058001	54068001	10	0.2917
MDA-PCa-250-15		54069001	54071001	3	-0.7206
MDA-PCa-250-15		54072001	56271001	1470	0.1324
MDA-PCa-250-15		56272001	56275001	3	-0.6074
MDA-PCa-250-15		56276001	56750001	290	0.1682
MDA-PCa-250-15		56752001	56759001	8	-0.4283
MDA-PCa-250-15		56760001	57600001	564	0.1441
MDA-PCa-250-15		57603001	57617001	9	-0.4054
MDA-PCa-250-15		57621001	57843001	143	0.1746
MDA-PCa-250-15		57844001	57848001	5	-0.5499
MDA-PCa-250-15		57849001	57929001	49	0.2384
MDA-PCa-250-15		57930001	57959001	19	-0.2623
MDA-PCa-250-15		57960001	58469001	453	0.3029
MDA-PCa-250-15		58470001	58502001	18	1.2529
MDA-PCa-250-15		58515001	58518001	4	4.7344
MDA-PCa-250-15		58519001	58522001	3	2.5876
MDA-PCa-250-15		58534001	61917001	76	1.2797
MDA-PCa-250-15		61918001	61927001	9	0.5409
MDA-PCa-250-15		61928001	61936001	9	-0.1719
MDA-PCa-250-15		61937001	62056001	104	0.3672
MDA-PCa-250-15		62057001	62071001	15	-0.2938
MDA-PCa-250-15		62072001	62412001	196	0.187
MDA-PCa-250-15		62470001	62492001	12	1.3219
MDA-PCa-250-15		62493001	62502001	9	0.5865
MDA-PCa-250-15		62503001	62505001	3	1.034
MDA-PCa-250-15		62512001	62841001	239	0.1369
MDA-PCa-250-15		62848001	62853001	5	-0.4499
MDA-PCa-250-15		62854001	63029001	161	-0.011
MDA-PCa-250-15		63030001	63041001	11	-0.3166
MDA-PCa-250-15		63042001	66570001	2554	0.1386
MDA-PCa-250-15		66571001	66579001	8	-0.3626
MDA-PCa-250-15		66580001	66759001	129	0.1545
MDA-PCa-250-15		66760001	66769001	10	-0.3837
MDA-PCa-250-15		66770001	67006001	204	0.0859
MDA-PCa-250-15		67007001	67010001	4	-0.7278
MDA-PCa-250-15		67011001	68255001	989	0.1193
MDA-PCa-250-15		68256001	68262001	6	0.5366
MDA-PCa-250-15		68263001	68288001	21	-0.0018
MDA-PCa-250-15		68289001	68299001	11	-0.4702
MDA-PCa-250-15		68300001	101013001	22888	0.1511
MDA-PCa-250-15		101014001	101018001	5	-0.6432
MDA-PCa-250-15		101019001	102940001	1244	0.0823
MDA-PCa-250-15		102941001	102943001	3	-0.8117
MDA-PCa-250-15		102945001	105159001	1775	0.1481
MDA-PCa-250-15		105160001	105168001	6	0.5177
MDA-PCa-250-15		105169001	106966001	1491	0.0862
MDA-PCa-250-15		106967001	106975001	9	-0.6991
MDA-PCa-250-15		106976001	107814001	732	0.0736
MDA-PCa-250-15		107815001	107817001	3	-0.6144
MDA-PCa-250-15		107818001	109243001	1101	0.1121
MDA-PCa-250-15		109244001	109256001	12	-0.3595
MDA-PCa-250-15		109257001	109555001	260	0.0376
MDA-PCa-250-15		109556001	109562001	7	-0.7224
MDA-PCa-250-15		109563001	113813001	3469	0.1138
MDA-PCa-250-15		113814001	113819001	6	0.8024
MDA-PCa-250-15		113820001	114635001	701	0.1676
MDA-PCa-250-15		114636001	114641001	6	-0.7967
MDA-PCa-250-15		114642001	115007001	249	0.2444
MDA-PCa-250-15		115008001	115024001	17	-0.3438
MDA-PCa-250-15		115025001	115055001	22	0.2807
MDA-PCa-250-15		115056001	115067001	12	-0.3858
MDA-PCa-250-15		115068001	116045001	755	0.0922
MDA-PCa-250-15		116046001	116049001	4	-1.0234
MDA-PCa-250-15		116050001	117338001	1021	0.0771
MDA-PCa-250-15		117339001	117344001	5	-0.7581
MDA-PCa-250-15		117345001	117470001	94	0.1285
MDA-PCa-250-15		117471001	117480001	7	-0.4031
MDA-PCa-250-15		117481001	118369001	708	0.156
MDA-PCa-250-15		118370001	118374001	5	-0.5822
MDA-PCa-250-15		118375001	119687001	903	0.2075
MDA-PCa-250-15		119688001	119697001	9	-0.4499
MDA-PCa-250-15		119698001	120576001	609	0.0931
MDA-PCa-250-15		120577001	120592001	12	-0.4032
MDA-PCa-250-15		120593001	122519001	1668	0.1052
MDA-PCa-250-15		122520001	122525001	5	0.5812
MDA-PCa-250-15		122526001	123093001	414	0.1947
MDA-PCa-250-15		123094001	123098001	5	-0.8151
MDA-PCa-250-15		123099001	127298001	3578	0.13
MDA-PCa-250-15		127299001	127304001	6	-0.4201
MDA-PCa-250-15		127305001	127682001	330	0.0929
MDA-PCa-250-15		127683001	127685001	3	-1.0749
MDA-PCa-250-15		127686001	129632001	1551	0.1017
MDA-PCa-250-15		129633001	129645001	8	0.7061
MDA-PCa-250-15		129648001	133505001	3214	0.0965
MDA-PCa-250-15		133506001	133511001	6	-0.5174
MDA-PCa-250-15		133512001	133852001	289	0.1741
MDA-PCa-250-15		133854001	133859001	5	0.5924
MDA-PCa-250-15		133860001	136508001	1991	0.1139
MDA-PCa-250-15		136509001	136513001	5	0.6285
MDA-PCa-250-15		136514001	137766001	1031	0.1251
MDA-PCa-250-15		137767001	137771001	4	0.5406
MDA-PCa-250-15		137772001	137790001	17	0.1613
MDA-PCa-250-15		137791001	137794001	4	0.6515
MDA-PCa-250-15		137795001	145389001	6014	0.1636
MDA-PCa-250-15		145391001	145400001	10	-0.2372
MDA-PCa-250-15		145401001	148846001	2851	0.1528
MDA-PCa-250-15		148847001	148879001	3	0.6327
MDA-PCa-250-15		148881001	149011001	64	0.1269
MDA-PCa-250-15		149012001	149017001	6	-0.279
MDA-PCa-250-15		149018001	149084001	14	0.4503
MDA-PCa-250-15		149106001	149118001	6	-0.5413
MDA-PCa-250-15		149119001	149249001	110	0.1008
MDA-PCa-250-15		149250001	149254001	5	-0.5142
MDA-PCa-250-15		149255001	151556001	1939	0.1229
MDA-PCa-250-15		151557001	151566001	10	-0.421
MDA-PCa-250-15		151567001	153016001	918	0.1052
MDA-PCa-250-15		153017001	153022001	4	0.8918
MDA-PCa-250-15		153023001	153254001	194	0.224
MDA-PCa-250-15		153255001	153257001	3	1.0975
MDA-PCa-250-15		153258001	154928001	1008	0.1354
MDA-PCa-250-15		2650001	7237001	724	0.3783
MDA-PCa-250-15		7252001	7583001	8	-5.188
MDA-PCa-250-15		7584001	7670001	84	0.3476
MDA-PCa-250-15		7671001	7694001	24	-0.2125
MDA-PCa-250-15		7695001	7727001	26	0.4752
MDA-PCa-250-15		7728001	7748001	21	0.0245
MDA-PCa-250-15		7749001	7784001	34	0.5782
MDA-PCa-250-15		7785001	7847001	60	-0.1062
MDA-PCa-250-15		7848001	7872001	24	0.5028
MDA-PCa-250-15		7873001	7963001	80	-0.017
MDA-PCa-250-15		7970001	8179001	162	0.4873
MDA-PCa-250-15		8180001	8212001	32	-0.1137
MDA-PCa-250-15		8215001	8222001	7	0.5637
MDA-PCa-250-15		8223001	8263001	37	-0.0155
MDA-PCa-250-15		8264001	8296001	28	0.5974
MDA-PCa-250-15		8297001	8342001	38	0.0173
MDA-PCa-250-15		8346001	8352001	7	0.5358
MDA-PCa-250-15		8353001	8367001	15	-0.0702
MDA-PCa-250-15		8368001	8668001	291	0.4116
MDA-PCa-250-15		8669001	8687001	17	-0.086
MDA-PCa-250-15		8688001	8728001	39	0.4082
MDA-PCa-250-15		8729001	8738001	8	-0.234
MDA-PCa-250-15		8742001	9908001	361	0.29
MDA-PCa-250-15		9912001	9928001	7	0.9351
MDA-PCa-250-15		9955001	10006001	25	0.043
MDA-PCa-250-15		10007001	13255001	43	0.7633
MDA-PCa-250-15		13642001	13685001	6	1.9579
MDA-PCa-250-15		13987001	15451001	1083	0.423
MDA-PCa-250-15		15452001	15458001	7	-0.1264
MDA-PCa-250-15		15459001	15523001	63	0.5313
MDA-PCa-250-15		15524001	15529001	6	-0.0219
MDA-PCa-250-15		15531001	15547001	17	0.5417
MDA-PCa-250-15		15548001	15552001	5	-0.3635
MDA-PCa-250-15		15553001	17319001	1298	0.3368
MDA-PCa-250-15		17320001	17325001	6	1.1105
MDA-PCa-250-15		17326001	18184001	667	0.343
MDA-PCa-250-15		18188001	18191001	4	-0.3789
MDA-PCa-250-15		18192001	19242001	691	0.422
MDA-PCa-250-15		19243001	19260001	18	-0.0074
MDA-PCa-250-15		19261001	19421001	140	0.3833
MDA-PCa-250-15		19422001	19440001	10	0.8703
MDA-PCa-250-15		19441001	20828001	131	0.2475
MDA-PCa-250-15		20829001	20834001	6	-0.312
MDA-PCa-250-15		20835001	22735001	1119	0.3846
MDA-PCa-250-15		22736001	22739001	4	-0.3531
MDA-PCa-250-15		22740001	23407001	491	0.308
MDA-PCa-250-15		23408001	23410001	3	-0.419
MDA-PCa-250-15		23412001	28783001	422	0.2817
MDA-PCa-133-4		2700001	58469001	44295	-0.0081
MDA-PCa-133-4		58470001	58502001	16	0.6664
MDA-PCa-133-4		58515001	58522001	6	3.8622
MDA-PCa-133-4		58534001	61907001	63	0.9048
MDA-PCa-133-4		61908001	66108001	3001	-0.022
MDA-PCa-133-4		66109001	66161001	34	1.6335
MDA-PCa-133-4		66169001	149597001	63311	-0.0168
MDA-PCa-133-4		149598001	149604001	6	-0.5429
MDA-PCa-133-4		149605001	154928001	3780	-0.0067
MDA-PCa-133-4		2685001	9890001	105	-5.7126
MDA-PCa-133-4		9908001	9922001	7	0.2748
MDA-PCa-133-4		9926001	10009001	30	-1.4234
MDA-PCa-133-4		10010001	13203001	25	0.1728
MDA-PCa-133-4		13204001	13642001	4	-1.6708
MDA-PCa-133-4		13643001	13848001	27	0.8298
MDA-PCa-133-4		14106001	16466001	90	-5.3656
MDA-PCa-133-4		16488001	28783001	4375	0.2344
MDA-PCa-144-13		2700001	5159001	1900	0.0146
MDA-PCa-144-13		5160001	5163001	4	-1.0725
MDA-PCa-144-13		5166001	36730001	26760	0.0488
MDA-PCa-144-13		36733001	36800001	64	-0.3007
MDA-PCa-144-13		36801001	44273001	6217	0.0408
MDA-PCa-144-13		44292001	45080001	84	-5.959
MDA-PCa-144-13		45101001	45106001	6	-0.0128
MDA-PCa-144-13		45109001	46326001	134	-5.9575
MDA-PCa-144-13		46337001	58469001	7738	0.0359
MDA-PCa-144-13		58470001	58502001	19	0.9844
MDA-PCa-144-13		58515001	58519001	5	4.6635
MDA-PCa-144-13		58521001	61903001	86	1.1482
MDA-PCa-144-13		61904001	61917001	11	0.6153
MDA-PCa-144-13		61918001	92796001	20771	-0.0073
MDA-PCa-144-13		92797001	92800001	4	-1.0789
MDA-PCa-144-13		92801001	92803001	3	0.7206
MDA-PCa-144-13		92805001	94797001	1750	-0.0622
MDA-PCa-144-13		94805001	94879001	63	0.9497
MDA-PCa-144-13		94880001	120569001	20251	0.0196
MDA-PCa-144-13		120570001	120590001	12	-0.3688
MDA-PCa-144-13		120591001	135881001	12570	0.0535
MDA-PCa-144-13		135882001	135898001	16	0.3741
MDA-PCa-144-13		135899001	154928001	14705	-0.0044
MDA-PCa-144-13		2650001	9908001	2325	0.1621
MDA-PCa-144-13		9911001	9921001	6	1.3498
MDA-PCa-144-13		9922001	10009001	32	0.1012
MDA-PCa-144-13		10010001	13136001	33	0.8418
MDA-PCa-144-13		13198001	13642001	24	0.1693
MDA-PCa-144-13		13644001	13848001	28	1.9317
MDA-PCa-144-13		13987001	15604001	1229	0.2869
MDA-PCa-144-13		15605001	15607001	3	-0.4527
MDA-PCa-144-13		15608001	28783001	4959	0.186
MDA-PCa-144-4		2700001	5159001	1900	0.1338
MDA-PCa-144-4		5160001	5163001	4	-0.7954
MDA-PCa-144-4		5166001	44273001	33041	0.1597
MDA-PCa-144-4		44276001	45079001	30	-5.6222
MDA-PCa-144-4		45101001	45106001	6	0.007
MDA-PCa-144-4		45117001	46229001	27	-5.0451
MDA-PCa-144-4		46337001	58469001	7738	0.1501
MDA-PCa-144-4		58470001	58502001	18	0.9437
MDA-PCa-144-4		58515001	58519001	5	4.9177
MDA-PCa-144-4		58521001	61903001	78	1.109
MDA-PCa-144-4		61904001	75175001	9382	0.1311
MDA-PCa-144-4		75176001	75180001	3	0.7533
MDA-PCa-144-4		75183001	92796001	11396	0.0837
MDA-PCa-144-4		92797001	92800001	4	-0.9264
MDA-PCa-144-4		92801001	140875001	38473	0.1584
MDA-PCa-144-4		140876001	140880001	3	0.871
MDA-PCa-144-4		140881001	154928001	10892	0.1203
MDA-PCa-144-4		2650001	9908001	2325	0.3994
MDA-PCa-144-4		9911001	9917001	4	1.5591
MDA-PCa-144-4		9918001	10062001	50	0.365
MDA-PCa-144-4		10067001	13136001	6	1.4873
MDA-PCa-144-4		13198001	13642001	24	0.2963
MDA-PCa-144-4		13643001	13848001	32	1.6095
MDA-PCa-144-4		13987001	19136001	3758	0.378
MDA-PCa-144-4		19137001	19139001	3	1.1134
MDA-PCa-144-4		19140001	28783001	2430	0.2896
MDA-PCa-146-10		2701001	2831001	10	-5.6252
MDA-PCa-146-10		2832001	2835001	4	-2.3133
MDA-PCa-146-10		2844001	5313001	135	-5.6621
MDA-PCa-146-10		5314001	13637001	7097	0.3403
MDA-PCa-146-10		13638001	13640001	3	1.0569
MDA-PCa-146-10		13642001	36286001	19138	0.337
MDA-PCa-146-10		36287001	36297001	10	0.6854
MDA-PCa-146-10		36298001	38508001	1796	0.2959
MDA-PCa-146-10		38509001	38513001	4	-0.6496
MDA-PCa-146-10		38514001	44914001	5280	0.3086
MDA-PCa-146-10		44915001	47003001	1690	-0.6621
MDA-PCa-146-10		47004001	58469001	7237	0.2889
MDA-PCa-146-10		58470001	58503001	21	1.0817
MDA-PCa-146-10		58515001	58519001	5	4.6164
MDA-PCa-146-10		58521001	61903001	75	1.1181
MDA-PCa-146-10		61904001	92796001	20781	0.2709
MDA-PCa-146-10		92797001	92800001	4	-0.6577
MDA-PCa-146-10		92801001	134662001	33737	0.3141
MDA-PCa-146-10		134663001	134671001	9	0.7667
MDA-PCa-146-10		134672001	142307001	5931	0.2796
MDA-PCa-146-10		142308001	152874001	8398	-0.7536
MDA-PCa-146-10		152875001	154928001	1298	0.3214
MDA-PCa-146-10		2650001	3407001	228	-0.7769
MDA-PCa-146-10		3713001	3720001	8	-1.9627
MDA-PCa-146-10		4078001	9906001	2087	-0.8159
MDA-PCa-146-10		9907001	10009001	39	-0.291
MDA-PCa-146-10		10010001	13136001	23	0.5833
MDA-PCa-146-10		13198001	13642001	24	-0.8844
MDA-PCa-146-10		13643001	13848001	29	1.3704
MDA-PCa-146-10		13987001	28783001	6191	-0.8381
MDA-PCa-146-12		2772001	2835001	8	-2.6573
MDA-PCa-146-12		2864001	5313001	77	-5.3192
MDA-PCa-146-12		5314001	16835001	9710	0.3946
MDA-PCa-146-12		16836001	16849001	10	1.0484
MDA-PCa-146-12		16850001	38508001	18324	0.4119
MDA-PCa-146-12		38509001	39965001	1308	-0.5669
MDA-PCa-146-12		39966001	42667001	2161	0.4381
MDA-PCa-146-12		42668001	42676001	3	-0.354
MDA-PCa-146-12		42677001	44831001	1756	0.4393
MDA-PCa-146-12		44833001	44840001	8	1.0171
MDA-PCa-146-12		44841001	44914001	48	0.4883
MDA-PCa-146-12		44915001	47003001	1690	-0.5604
MDA-PCa-146-12		47004001	58469001	7237	0.4297
MDA-PCa-146-12		58470001	58502001	18	1.0305
MDA-PCa-146-12		58515001	58522001	7	4.1521
MDA-PCa-146-12		58534001	61916001	67	1.0438
MDA-PCa-146-12		61917001	67816001	4292	0.4173
MDA-PCa-146-12		67817001	80398001	8886	-0.5784
MDA-PCa-146-12		80399001	92796001	7593	0.4154
MDA-PCa-146-12		92797001	92800001	4	-0.4701
MDA-PCa-146-12		92801001	96425001	3105	0.4246
MDA-PCa-146-12		96427001	96429001	3	-0.4249
MDA-PCa-146-12		96430001	142307001	36568	0.431
MDA-PCa-146-12		142308001	152874001	8397	-0.5875
MDA-PCa-146-12		152875001	154928001	1298	0.4369
MDA-PCa-146-12		2650001	3407001	228	0.6679
MDA-PCa-146-12		3713001	3720001	8	-0.5249
MDA-PCa-146-12		4078001	9928001	2096	0.6319
MDA-PCa-146-12		9955001	9985001	12	0.0038
MDA-PCa-146-12		9986001	13642001	50	0.6293
MDA-PCa-146-12		13655001	13848001	10	1.52
MDA-PCa-146-12		13987001	19136001	3758	0.6266
MDA-PCa-146-12		19137001	19139001	3	1.3685
MDA-PCa-146-12		19140001	28783001	2430	0.6204
MDA-PCa-150-7		2700001	27385001	20522	0.863
MDA-PCa-150-7		27386001	27390001	5	0.2303
MDA-PCa-150-7		27391001	58470001	23768	0.8323
MDA-PCa-150-7		58472001	58503001	20	1.464
MDA-PCa-150-7		58515001	58522001	5	5.1859
MDA-PCa-150-7		58534001	61915001	82	1.363
MDA-PCa-150-7		61916001	124171001	45860	0.8205
MDA-PCa-150-7		124172001	124174001	3	0.2152
MDA-PCa-150-7		124175001	154928001	24286	0.8367
MDA-PCa-150-7		2650001	3407001	224	-3.864
MDA-PCa-150-7		3713001	3720001	8	-0.0455
MDA-PCa-150-7		4078001	9907001	2052	-3.8045
MDA-PCa-150-7		9908001	9921001	7	0.8118
MDA-PCa-150-7		9922001	10009001	33	-1.1529
MDA-PCa-150-7		10010001	13136001	31	0.2441
MDA-PCa-150-7		13198001	13255001	23	-3.4702
MDA-PCa-150-7		13642001	13863001	36	1.0675
MDA-PCa-150-7		13987001	58986001	6054	-3.8246
MDA-PCa-152-1		2700001	5159001	1900	0.5753
MDA-PCa-152-1		5160001	5163001	4	-0.4092
MDA-PCa-152-1		5166001	11220001	5147	0.59
MDA-PCa-152-1		11230001	11342001	11	-5.551
MDA-PCa-152-1		11363001	11464001	91	0.6181
MDA-PCa-152-1		11490001	12031001	41	-5.714
MDA-PCa-152-1		12055001	15981001	3310	0.6028
MDA-PCa-152-1		15994001	16074001	8	-5.7936
MDA-PCa-152-1		16109001	16247001	116	0.6763
MDA-PCa-152-1		16260001	16659001	33	-5.6097
MDA-PCa-152-1		16671001	16947001	166	0.5796
MDA-PCa-152-1		16949001	16969001	7	-5.6171
MDA-PCa-152-1		16971001	17967001	870	0.6268
MDA-PCa-152-1		17975001	18099001	16	-5.5564
MDA-PCa-152-1		18106001	18117001	3	-4.4596
MDA-PCa-152-1		18132001	58469001	31429	0.5786
MDA-PCa-152-1		58470001	58503001	22	1.3821
MDA-PCa-152-1		58515001	58518001	3	4.0088
MDA-PCa-152-1		58519001	61903001	77	1.4506
MDA-PCa-152-1		61904001	78921001	12080	0.5831
MDA-PCa-152-1		78922001	78925001	4	-0.2438
MDA-PCa-152-1		78926001	92796001	8700	0.5447
MDA-PCa-152-1		92797001	92800001	4	-0.5301
MDA-PCa-152-1		92801001	140875001	38474	0.579
MDA-PCa-152-1		140876001	140880001	3	1.3845
MDA-PCa-152-1		140881001	154928001	10891	0.5712
MDA-PCa-152-1		2665001	3407001	21	-5.4616
MDA-PCa-152-1		3713001	3720001	8	-0.3304
MDA-PCa-152-1		6428001	7318001	43	-5.5421
MDA-PCa-152-1		7328001	7524001	5	-4.3665
MDA-PCa-152-1		7534001	9861001	71	-5.5528
MDA-PCa-152-1		9908001	10009001	37	-0.7883
MDA-PCa-152-1		10010001	13136001	25	0.6672
MDA-PCa-152-1		13203001	13642001	7	-2.7307
MDA-PCa-152-1		13643001	13863001	35	1.3249
MDA-PCa-152-1		14000001	14464001	37	-5.1676
MDA-PCa-152-1		14475001	14481001	3	-1.6471
MDA-PCa-152-1		14533001	28783001	409	-5.3364
MDA-PCa-265-8		2700001	5159001	1901	-0.0407
MDA-PCa-265-8		5160001	5163001	4	-1.0544
MDA-PCa-265-8		5166001	10929001	4896	-0.0164
MDA-PCa-265-8		10930001	10932001	3	-0.9064
MDA-PCa-265-8		10933001	57964001	37045	-0.0047
MDA-PCa-265-8		57969001	58055001	71	1.5658
MDA-PCa-265-8		58056001	58469001	378	0.0614
MDA-PCa-265-8		58470001	58502001	22	0.8594
MDA-PCa-265-8		58515001	58522001	7	4.1052
MDA-PCa-265-8		58534001	61903001	76	1.0045
MDA-PCa-265-8		61904001	66008001	2931	-0.0273
MDA-PCa-265-8		66015001	66027001	10	1.0196
MDA-PCa-265-8		66028001	66142001	98	1.6342
MDA-PCa-265-8		66151001	66169001	6	1.153
MDA-PCa-265-8		66170001	78920001	9034	-0.0174
MDA-PCa-265-8		78921001	78925001	5	-0.6805
MDA-PCa-265-8		78926001	92796001	8700	-0.0515
MDA-PCa-265-8		92797001	92800001	4	-1.1154
MDA-PCa-265-8		92801001	98043001	4432	-0.0248
MDA-PCa-265-8		98044001	98051001	8	0.393
MDA-PCa-265-8		98052001	103256001	3848	-0.0181
MDA-PCa-265-8		103259001	103303001	31	0.9416
MDA-PCa-265-8		103327001	140875001	30154	-0.0096
MDA-PCa-265-8		140876001	140880001	3	0.6717
MDA-PCa-265-8		140881001	154928001	10893	-0.0469
MDA-PCa-265-8		2650001	3407001	228	0.2889
MDA-PCa-265-8		3713001	3720001	8	-0.8978
MDA-PCa-265-8		4078001	10009001	2124	0.2208
MDA-PCa-265-8		10010001	13134001	19	0.6944
MDA-PCa-265-8		13198001	13642001	24	0.1735
MDA-PCa-265-8		13643001	13848001	21	1.5574
MDA-PCa-265-8		13987001	19136001	3758	0.229
MDA-PCa-265-8		19137001	19139001	3	1.1231
MDA-PCa-265-8		19140001	28783001	2430	0.2495
MDA-PCa-266-A		2700001	2831001	77	0.2455
MDA-PCa-266-A		2832001	2835001	4	1.0193
MDA-PCa-266-A		2838001	5159001	1819	0.2211
MDA-PCa-266-A		5160001	5163001	4	-0.6835
MDA-PCa-266-A		5166001	58469001	42393	0.2529
MDA-PCa-266-A		58470001	58503001	22	1.12
MDA-PCa-266-A		58515001	58524001	7	4.7334
MDA-PCa-266-A		58534001	61898001	81	1.2796
MDA-PCa-266-A		61899001	99150001	26186	0.2386
MDA-PCa-266-A		99152001	99184001	29	1.2966
MDA-PCa-266-A		99185001	107897001	6725	0.2645
MDA-PCa-266-A		107898001	107900001	3	0.9709
MDA-PCa-266-A		107901001	140875001	26325	0.2526
MDA-PCa-266-A		140876001	140880001	3	1.0117
MDA-PCa-266-A		140881001	143626001	2177	0.2082
MDA-PCa-266-A		143627001	143637001	3	-0.6895
MDA-PCa-266-A		143638001	154928001	8705	0.2464
MDA-PCa-266-A		2650001	3407001	228	1.4429
MDA-PCa-266-A		3713001	3720001	8	0.9283
MDA-PCa-266-A		4078001	9928001	2097	1.4075
MDA-PCa-266-A		9955001	10006001	25	0.6331
MDA-PCa-266-A		10007001	13642001	48	1.3976
MDA-PCa-266-A		13654001	13840001	14	2.022
MDA-PCa-266-A		13987001	28783001	6191	1.3926
MDA-PCa-270-A		2700001	5159001	1900	0.7263
MDA-PCa-270-A		5160001	5163001	4	-0.3245
MDA-PCa-270-A		5166001	10313001	4412	0.7287
MDA-PCa-270-A		10314001	10320001	7	1.081
MDA-PCa-270-A		10321001	34188001	20127	0.7798
MDA-PCa-270-A		34189001	34191001	3	1.1696
MDA-PCa-270-A		34192001	51748001	13775	0.7824
MDA-PCa-270-A		51756001	51761001	6	1.1441
MDA-PCa-270-A		51773001	58502001	4085	0.7676
MDA-PCa-270-A		58515001	58521001	5	5.4285
MDA-PCa-270-A		58534001	61898001	62	1.2362
MDA-PCa-270-A		61899001	61988001	78	0.899
MDA-PCa-270-A		61989001	61995001	7	1.2908
MDA-PCa-270-A		61996001	78921001	11999	0.7532
MDA-PCa-270-A		78922001	78925001	4	0.0091
MDA-PCa-270-A		78926001	92796001	8700	0.7227
MDA-PCa-270-A		92797001	92800001	4	-0.183
MDA-PCa-270-A		92801001	154928001	49366	0.7554
MDA-PCa-270-A		2650001	3407001	228	-0.9464
MDA-PCa-270-A		3713001	3720001	8	0.1785
MDA-PCa-270-A		4078001	9907001	2088	-0.9951
MDA-PCa-270-A		9908001	9921001	8	0.7036
MDA-PCa-270-A		9922001	10009001	33	-0.7575
MDA-PCa-270-A		10010001	13136001	32	0.2192
MDA-PCa-270-A		13198001	13642001	24	-0.8472
MDA-PCa-270-A		13646001	13848001	23	1.1436
MDA-PCa-270-A		13987001	19135001	3757	-0.9601
MDA-PCa-270-A		19136001	19138001	3	0.0474
MDA-PCa-270-A		19139001	28783001	2431	-0.9635
MDA-PCa-273-A		2700001	5159001	1900	-0.0509
MDA-PCa-273-A		5160001	5163001	4	-1.0241
MDA-PCa-273-A		5166001	26809001	18122	-0.0074
MDA-PCa-273-A		26810001	26821001	11	0.9029
MDA-PCa-273-A		26822001	44797001	15249	-0.0357
MDA-PCa-273-A		44798001	44909001	5	-5.76
MDA-PCa-273-A		44934001	58469001	8908	-0.028
MDA-PCa-273-A		58470001	58502001	18	0.7885
MDA-PCa-273-A		58515001	58522001	7	4.8506
MDA-PCa-273-A		58534001	61916001	84	0.8519
MDA-PCa-273-A		61917001	92796001	20764	-0.0469
MDA-PCa-273-A		92797001	92800001	4	-1.0076
MDA-PCa-273-A		92801001	140875001	38478	-0.0255
MDA-PCa-273-A		140876001	140880001	3	0.7092
MDA-PCa-273-A		140881001	154928001	10891	-0.0436
MDA-PCa-273-A		2650001	9908001	2325	0.2078
MDA-PCa-273-A		9911001	9917001	4	1.4747
MDA-PCa-273-A		9918001	10008001	32	-0.0003
MDA-PCa-273-A		10009001	13134001	17	0.545
MDA-PCa-273-A		13198001	13642001	24	0.1537
MDA-PCa-273-A		13643001	13848001	18	1.5186
MDA-PCa-273-A		13987001	28783001	6189	0.2144
MDA-PCa-274-2		2700001	5159001	1898	0.2283
MDA-PCa-274-2		5160001	5163001	4	-0.7175
MDA-PCa-274-2		5166001	29129001	20113	0.2577
MDA-PCa-274-2		29130001	29132001	3	-1.7524
MDA-PCa-274-2		29133001	58469001	22279	0.2527
MDA-PCa-274-2		58470001	58503001	23	1.1192
MDA-PCa-274-2		58514001	58518001	5	4.3031
MDA-PCa-274-2		58519001	61903001	90	1.1316
MDA-PCa-274-2		61904001	77119001	6611	0.2539
MDA-PCa-274-2		77121001	77123001	3	1.5304
MDA-PCa-274-2		77124001	78921001	1439	0.2499
MDA-PCa-274-2		78922001	78925001	4	-0.5528
MDA-PCa-274-2		78926001	92796001	8700	0.2301
MDA-PCa-274-2		92797001	92800001	4	-0.7904
MDA-PCa-274-2		92801001	130201001	30133	0.2516
MDA-PCa-274-2		130202001	130206001	5	1.4081
MDA-PCa-274-2		130207001	131004001	619	0.2759
MDA-PCa-274-2		131005001	131011001	3	-1.0943
MDA-PCa-274-2		131012001	140875001	7719	0.2513
MDA-PCa-274-2		140876001	140880001	3	1.0273
MDA-PCa-274-2		140881001	154790001	10791	0.2325
MDA-PCa-274-2		154791001	154804001	7	-0.6436
MDA-PCa-274-2		154805001	154928001	99	0.2429
MDA-PCa-274-2		2683001	3720001	12	-0.8861
MDA-PCa-274-2		6404001	9820001	36	-5.6965
MDA-PCa-274-2		9908001	9923001	10	0.374
MDA-PCa-274-2		9926001	10009001	34	-1.336
MDA-PCa-274-2		10010001	10062001	25	0.0211
MDA-PCa-274-2		10065001	13136001	9	1.047
MDA-PCa-274-2		13203001	13642001	6	-1.7408
MDA-PCa-274-2		13643001	13863001	38	1.1059
MDA-PCa-274-2		14031001	28788001	156	-5.0982
MDA-PCa-277-6		2700001	5159001	1900	-0.0435
MDA-PCa-277-6		5160001	5163001	4	-1.0009
MDA-PCa-277-6		5166001	58469001	42395	-0.0007
MDA-PCa-277-6		58470001	58503001	20	0.8666
MDA-PCa-277-6		58515001	58522001	7	4.0911
MDA-PCa-277-6		58534001	61903001	72	0.8925
MDA-PCa-277-6		61904001	67860001	4333	-0.0572
MDA-PCa-277-6		67861001	67874001	13	0.3644
MDA-PCa-277-6		67875001	78921001	7734	-0.0417
MDA-PCa-277-6		78922001	78925001	4	-0.8546
MDA-PCa-277-6		78926001	126595001	35824	-0.0307
MDA-PCa-277-6		126596001	126602001	3	-0.8596
MDA-PCa-277-6		126603001	129837001	2670	-0.0396
MDA-PCa-277-6		129838001	129840001	3	-0.7648
MDA-PCa-277-6		129841001	154928001	19558	-0.0405
MDA-PCa-277-6		2650001	9903001	2320	0.2613
MDA-PCa-277-6		9904001	9926001	11	0.6369
MDA-PCa-277-6		9927001	10008001	28	0.0339
MDA-PCa-277-6		10009001	13134001	19	0.6034
MDA-PCa-277-6		13198001	13642001	24	0.225
MDA-PCa-277-6		13646001	13848001	20	1.4466
MDA-PCa-277-6		13987001	28783001	6191	0.2227
MDA-PCa-280-9		2700001	5159001	1901	-0.0832
MDA-PCa-280-9		5160001	5163001	4	-1.1411
MDA-PCa-280-9		5166001	58469001	42395	-0.0202
MDA-PCa-280-9		58470001	58503001	21	0.7066
MDA-PCa-280-9		58515001	58518001	3	5.0402
MDA-PCa-280-9		58521001	58534001	3	2.2557
MDA-PCa-280-9		58547001	61903001	66	0.8434
MDA-PCa-280-9		61904001	122944001	44853	-0.0527
MDA-PCa-280-9		122950001	122952001	3	-1.5903
MDA-PCa-280-9		122957001	154790001	25186	-0.0663
MDA-PCa-280-9		154791001	154796001	6	-0.9622
MDA-PCa-280-9		154804001	154928001	100	-0.0083
MDA-PCa-280-9		2650001	3407001	228	0.3386
MDA-PCa-280-9		3713001	3720001	8	-0.837
MDA-PCa-280-9		4078001	9963001	2097	0.1278
MDA-PCa-280-9		9965001	9982001	9	-0.4739
MDA-PCa-280-9		9983001	13642001	54	0.2111
MDA-PCa-280-9		13655001	13848001	10	1.1725
MDA-PCa-280-9		13987001	28783001	6191	0.1959
MDA-PCa-285-3		2700001	5159001	1900	0.5194
MDA-PCa-285-3		5160001	5163001	4	-0.4826
MDA-PCa-285-3		5166001	20330001	12771	0.5398
MDA-PCa-285-3		20332001	20612001	248	-0.2743
MDA-PCa-285-3		20613001	58469001	29376	0.5485
MDA-PCa-285-3		58470001	58502001	20	1.2641
MDA-PCa-285-3		58515001	58522001	7	5.1115
MDA-PCa-285-3		58534001	61917001	89	1.2773
MDA-PCa-285-3		61918001	78923001	12071	0.5376
MDA-PCa-285-3		78924001	78926001	3	-0.3012
MDA-PCa-285-3		78929001	92796001	8699	0.5481
MDA-PCa-285-3		92797001	92800001	4	-0.4704
MDA-PCa-285-3		92801001	131937001	31565	0.5664
MDA-PCa-285-3		131938001	131941001	3	-0.2803
MDA-PCa-285-3		131942001	140875001	6906	0.5365
MDA-PCa-285-3		140876001	140880001	3	1.1896
MDA-PCa-285-3		140881001	154790001	10789	0.5141
MDA-PCa-285-3		154791001	154796001	6	-0.4488
MDA-PCa-285-3		154804001	154928001	100	0.5566
MDA-PCa-285-3		2667001	9833001	81	-5.7324
MDA-PCa-285-3		9908001	9921001	7	0.3552
MDA-PCa-285-3		9922001	10009001	34	-1.1018
MDA-PCa-285-3		10010001	13136001	30	0.4895
MDA-PCa-285-3		13203001	13223001	5	-4.1869
MDA-PCa-285-3		13255001	13863001	44	0.864
MDA-PCa-285-3		14011001	14448001	20	-5.2523
MDA-PCa-285-3		14475001	14481001	3	-1.2484
MDA-PCa-285-3		14493001	28788001	210	-5.2398
MDA-PCa-306-14		2700001	5159001	1901	0.0181
MDA-PCa-306-14		5160001	5163001	4	-1.1469
MDA-PCa-306-14		5166001	48887001	36291	0.0159
MDA-PCa-306-14		48890001	48907001	3	-4.3773
MDA-PCa-306-14		48910001	58469001	6092	0.0236
MDA-PCa-306-14		58470001	58503001	22	0.9164
MDA-PCa-306-14		58515001	58518001	3	5.0259
MDA-PCa-306-14		58519001	61917001	97	1.0801
MDA-PCa-306-14		61918001	154790001	70035	0.0107
MDA-PCa-306-14		154791001	154796001	6	-1.016
MDA-PCa-306-14		154804001	154928001	100	-0.0107
MDA-PCa-306-14		2650001	3407001	228	1.2752
MDA-PCa-306-14		3713001	3720001	8	0.127
MDA-PCa-306-14		4078001	7245001	494	1.2766
MDA-PCa-306-14		7247001	9963001	1605	0.2823
MDA-PCa-306-14		9965001	9982001	10	-0.2304
MDA-PCa-306-14		9983001	10006001	13	0.145
MDA-PCa-306-14		10007001	13134001	27	0.7378
MDA-PCa-306-14		13198001	13642001	24	0.353
MDA-PCa-306-14		13643001	13848001	25	1.635
MDA-PCa-306-14		13987001	28783001	6191	0.2594
MDA-PCa-312-7		2700001	5159001	1899	0.0071
MDA-PCa-312-7		5160001	5163001	4	-0.8263
MDA-PCa-312-7		5166001	58466001	42386	0.0505
MDA-PCa-312-7		58467001	58502001	20	0.7719
MDA-PCa-312-7		58515001	58521001	3	4.919
MDA-PCa-312-7		58534001	61917001	66	0.779
MDA-PCa-312-7		61918001	69041001	5317	-0.0133
MDA-PCa-312-7		69049001	69107001	38	-2.3882
MDA-PCa-312-7		69108001	92796001	15408	0.0083
MDA-PCa-312-7		92797001	92800001	4	-0.9387
MDA-PCa-312-7		92801001	154928001	49370	0.0264
MDA-PCa-312-7		2650001	9928001	2331	0.2515
MDA-PCa-312-7		9966001	9996001	18	-0.2372
MDA-PCa-312-7		10003001	13642001	46	0.3309
MDA-PCa-312-7		13655001	13685001	8	1.2243
MDA-PCa-312-7		13987001	28783001	6191	0.196
MDA-PCa-315-8		2700001	5159001	1900	-0.1945
MDA-PCa-315-8		5160001	5163001	4	-1.2341
MDA-PCa-315-8		5166001	58469001	42394	-0.1914
MDA-PCa-315-8		58470001	58502001	21	0.7811
MDA-PCa-315-8		58515001	58518001	4	3.8857
MDA-PCa-315-8		58519001	61903001	84	0.872
MDA-PCa-315-8		61904001	78915001	12075	-0.1931
MDA-PCa-315-8		78917001	78932001	14	-0.664
MDA-PCa-315-8		78933001	92796001	8694	-0.227
MDA-PCa-315-8		92797001	92800001	4	-1.1831
MDA-PCa-315-8		92801001	131004001	30746	-0.1863
MDA-PCa-315-8		131005001	131011001	3	-1.3219
MDA-PCa-315-8		131012001	154928001	18606	-0.2039
MDA-PCa-315-8		2650001	9908001	2325	0.055
MDA-PCa-315-8		9911001	9917001	4	1.2158
MDA-PCa-315-8		9918001	10009001	35	-0.1461
MDA-PCa-315-8		10010001	13136001	24	0.7198
MDA-PCa-315-8		13198001	13642001	24	0.0726
MDA-PCa-315-8		13646001	13848001	27	1.3767
MDA-PCa-315-8		13987001	19044001	3683	0.0446
MDA-PCa-315-8		19045001	19047001	3	-0.7902
MDA-PCa-315-8		19048001	28783001	2505	0.043
MDA-PCa-316-1		2700001	2827001	74	-0.0463
MDA-PCa-316-1		2828001	2838001	8	-0.4288
MDA-PCa-316-1		2839001	5159001	1818	0.0055
MDA-PCa-316-1		5160001	5163001	4	-0.944
MDA-PCa-316-1		5166001	5451001	259	0.0087
MDA-PCa-316-1		5452001	5476001	24	0.9693
MDA-PCa-316-1		5477001	58469001	42111	0.0409
MDA-PCa-316-1		58470001	58502001	22	0.8727
MDA-PCa-316-1		58515001	58518001	4	4.1037
MDA-PCa-316-1		58519001	61917001	94	0.9398
MDA-PCa-316-1		61918001	77119001	10628	0.0352
MDA-PCa-316-1		77121001	77123001	3	1.3217
MDA-PCa-316-1		77124001	92796001	10141	0.0087
MDA-PCa-316-1		92797001	92800001	4	-1.0037
MDA-PCa-316-1		92801001	125112001	25901	0.0442
MDA-PCa-316-1		125116001	127263001	508	-5.8393
MDA-PCa-316-1		127275001	154928001	21642	0.0385
MDA-PCa-316-1		2655001	3163001	71	-5.5975
MDA-PCa-316-1		3406001	3720001	10	-0.6649
MDA-PCa-316-1		4078001	9906001	639	-5.6581
MDA-PCa-316-1		9908001	9922001	8	-0.1638
MDA-PCa-316-1		9926001	9928001	3	-4.3147
MDA-PCa-316-1		9955001	10010001	29	-0.9903
MDA-PCa-316-1		10020001	13136001	27	0.2513
MDA-PCa-316-1		13203001	13232001	8	-4.6418
MDA-PCa-316-1		13255001	13863001	45	0.614
MDA-PCa-316-1		13992001	28773001	1820	-5.6343
MDA-PCa-316-2		2700001	5159001	1900	-0.0011
MDA-PCa-316-2		5160001	5163001	4	-1.0105
MDA-PCa-316-2		5166001	5451001	259	0.0207
MDA-PCa-316-2		5452001	5478001	26	0.9708
MDA-PCa-316-2		5479001	58469001	42109	0.0168
MDA-PCa-316-2		58470001	58502001	19	0.7819
MDA-PCa-316-2		58515001	58518001	4	4.1078
MDA-PCa-316-2		58519001	61903001	69	0.9077
MDA-PCa-316-2		61904001	69955001	6017	0.0114
MDA-PCa-316-2		69956001	69964001	6	0.5055
MDA-PCa-316-2		69965001	77119001	4616	0.0039
MDA-PCa-316-2		77121001	77123001	3	1.2017
MDA-PCa-316-2		77124001	92796001	10141	-0.0065
MDA-PCa-316-2		92797001	92800001	4	-1.0199
MDA-PCa-316-2		92801001	125112001	25900	0.015
MDA-PCa-316-2		125124001	127213001	29	-5.5799
MDA-PCa-316-2		127275001	154928001	21643	0.0046
MDA-PCa-316-2		2650001	9908001	2325	0.221
MDA-PCa-316-2		9911001	9913001	3	1.1936
MDA-PCa-316-2		9918001	10062001	42	0.1271
MDA-PCa-316-2		10072001	13134001	4	1.085
MDA-PCa-316-2		13198001	13642001	24	0.227
MDA-PCa-316-2		13646001	13848001	21	1.29
MDA-PCa-316-2		13987001	24874001	6172	0.2135
MDA-PCa-316-2		28529001	28622001	8	1.2176
MDA-PCa-316-2		28743001	28783001	9	0.2503
MDA-PCa-320-1		2700001	9637001	5722	0.8539
MDA-PCa-320-1		9638001	10149001	30	-5.4591
MDA-PCa-320-1		10151001	58469001	38122	0.0809
MDA-PCa-320-1		58470001	58502001	18	0.9089
MDA-PCa-320-1		58514001	58518001	5	4.6339
MDA-PCa-320-1		58519001	61917001	89	1.1035
MDA-PCa-320-1		61918001	62412001	333	0.1615
MDA-PCa-320-1		62470001	62505001	24	1.0025
MDA-PCa-320-1		62512001	65879001	2465	0.2682
MDA-PCa-320-1		65880001	65881001	2	0.8677
MDA-PCa-320-1		65882001	67068001	896	1.5129
MDA-PCa-320-1		67069001	67770001	540	1.0594
MDA-PCa-320-1		67771001	67871001	72	-0.8235
MDA-PCa-320-1		67872001	67874001	3	0.0666
MDA-PCa-320-1		67875001	139804001	54272	-0.9274
MDA-PCa-320-1		139805001	139807001	3	0.0842
MDA-PCa-320-1		139808001	154928001	11526	-0.9404
MDA-PCa-320-1		2668001	3407001	7	-5.4235
MDA-PCa-320-1		3713001	3720001	8	-2.3426
MDA-PCa-320-1		6595001	9870001	47	-5.578
MDA-PCa-320-1		9908001	13642001	76	-0.584
MDA-PCa-320-1		13643001	13863001	36	0.9818
MDA-PCa-320-1		13997001	14469001	22	-5.3588
MDA-PCa-320-1		14475001	14481001	4	-1.9254
MDA-PCa-320-1		14512001	28770001	184	-5.2731
MDA-PCa-322-2		2735001	2835001	8	-2.274
MDA-PCa-322-2		2839001	8574001	124	-5.1989
MDA-PCa-322-2		8610001	9086001	399	0.929
MDA-PCa-322-2		9087001	9127001	39	0.4062
MDA-PCa-322-2		9128001	30616001	17996	0.9458
MDA-PCa-322-2		30622001	42312001	9952	-0.6655
MDA-PCa-322-2		42324001	44873001	63	-5.2049
MDA-PCa-322-2		44874001	58361001	8854	0.3482
MDA-PCa-322-2		58362001	58435001	67	0.7736
MDA-PCa-322-2		58436001	58438001	3	-0.6956
MDA-PCa-322-2		58439001	58469001	31	0.7225
MDA-PCa-322-2		58470001	58502001	22	1.291
MDA-PCa-322-2		58515001	58522001	7	5.15
MDA-PCa-322-2		58534001	61895001	93	1.445
MDA-PCa-322-2		61896001	75222001	9425	0.7017
MDA-PCa-322-2		75228001	75694001	314	0.3293
MDA-PCa-322-2		75698001	77119001	909	0.73
MDA-PCa-322-2		77121001	77123001	3	1.9304
MDA-PCa-322-2		77124001	78921001	1436	0.6933
MDA-PCa-322-2		78922001	78925001	4	0.013
MDA-PCa-322-2		78926001	86391001	6058	0.3979
MDA-PCa-322-2		86392001	91538001	2275	-0.0329
MDA-PCa-322-2		91881001	92467001	81	0.9225
MDA-PCa-322-2		92468001	92796001	286	-0.0009
MDA-PCa-322-2		92797001	92800001	4	-0.9707
MDA-PCa-322-2		92801001	96356001	3045	-0.0186
MDA-PCa-322-2		96358001	96372001	13	0.7389
MDA-PCa-322-2		96373001	96693001	227	0.0035
MDA-PCa-322-2		96697001	109680001	10274	-0.6505
MDA-PCa-322-2		109681001	121608001	9381	0.3535
MDA-PCa-322-2		121609001	121958001	303	0.8967
MDA-PCa-322-2		121959001	122944001	825	0.3324
MDA-PCa-322-2		122950001	122952001	3	-1.2683
MDA-PCa-322-2		122957001	154928001	25286	0.306
MDA-PCa-322-2		2650001	9928001	2306	0.8495
MDA-PCa-322-2		9930001	10009001	29	0.3401
MDA-PCa-322-2		10010001	10063001	25	0.872
MDA-PCa-322-2		10065001	13136001	10	1.6859
MDA-PCa-322-2		13198001	13642001	24	0.8515
MDA-PCa-322-2		13643001	13848001	36	1.9242
MDA-PCa-322-2		13987001	24470001	6137	0.8336
MDA-PCa-322-2		24471001	24475001	3	-1.3974
MDA-PCa-322-2		24476001	28783001	51	0.8204
MDA-PCa-327-2		2700001	2831001	77	0.3814
MDA-PCa-327-2		2832001	2838001	5	-0.1905
MDA-PCa-327-2		2839001	5159001	1819	0.3895
MDA-PCa-327-2		5160001	5163001	4	-0.636
MDA-PCa-327-2		5166001	55402001	40291	0.3914
MDA-PCa-327-2		55404001	55406001	3	1.1226
MDA-PCa-327-2		55408001	58469001	2101	0.3928
MDA-PCa-327-2		58470001	58503001	23	1.3212
MDA-PCa-327-2		58514001	58518001	5	4.4162
MDA-PCa-327-2		58519001	58533001	4	2.596
MDA-PCa-327-2		58534001	61916001	105	1.3225
MDA-PCa-327-2		61917001	66089001	2978	0.3811
MDA-PCa-327-2		66090001	66142001	51	1.3852
MDA-PCa-327-2		66151001	69954001	2977	0.3958
MDA-PCa-327-2		69955001	69964001	7	0.8847
MDA-PCa-327-2		69965001	92796001	14757	0.3692
MDA-PCa-327-2		92797001	92800001	4	-0.6883
MDA-PCa-327-2		92801001	140875001	38464	0.387
MDA-PCa-327-2		140876001	140880001	3	1.1351
MDA-PCa-327-2		140881001	154928001	10893	0.3799
MDA-PCa-327-2		2690001	3407001	7	-5.5702
MDA-PCa-327-2		3713001	3720001	8	-0.4358
MDA-PCa-327-2		4114001	9889001	25	-5.3071
MDA-PCa-327-2		9908001	9921001	11	1.0249
MDA-PCa-327-2		9922001	10009001	38	-0.9596
MDA-PCa-327-2		10010001	10062001	29	0.0007
MDA-PCa-327-2		10063001	13203001	13	1.3361
MDA-PCa-327-2		13204001	13642001	4	-1.5096
MDA-PCa-327-2		13643001	13863001	40	1.2692
MDA-PCa-327-2		14017001	28788001	120	-4.8412
MDA-PCa-328-5		2700001	5625001	2322	-0.049
MDA-PCa-328-5		5626001	5880001	228	0.9442
MDA-PCa-328-5		5881001	22285001	13789	-0.0193
MDA-PCa-328-5		22286001	22292001	7	-0.4826
MDA-PCa-328-5		22293001	23352001	917	-0.0312
MDA-PCa-328-5		23353001	26191001	2244	0.9759
MDA-PCa-328-5		26192001	30534001	3707	-0.0718
MDA-PCa-328-5		30535001	31213001	570	0.898
MDA-PCa-328-5		31215001	47740001	13821	-0.0681
MDA-PCa-328-5		47741001	49132001	758	0.9207
MDA-PCa-328-5		49133001	52885001	2109	-0.0936
MDA-PCa-328-5		52886001	52891001	3	0.6546
MDA-PCa-328-5		52892001	53190001	159	-0.107
MDA-PCa-328-5		53191001	53201001	8	0.379
MDA-PCa-328-5		53202001	53720001	411	-0.0567
MDA-PCa-328-5		53721001	58200001	2987	0.9105
MDA-PCa-328-5		58201001	58342001	136	-0.1493
MDA-PCa-328-5		58343001	58469001	117	0.1868
MDA-PCa-328-5		58470001	58503001	23	1.0162
MDA-PCa-328-5		58515001	58518001	4	5.2959
MDA-PCa-328-5		58519001	61895001	84	1.2661
MDA-PCa-328-5		61896001	61917001	20	0.5059
MDA-PCa-328-5		61918001	61988001	62	0.1203
MDA-PCa-328-5		61989001	61996001	8	0.5269
MDA-PCa-328-5		61997001	76706001	10261	-0.101
MDA-PCa-328-5		76707001	76983001	217	0.987
MDA-PCa-328-5		76984001	92796001	10224	-0.0981
MDA-PCa-328-5		92797001	92800001	4	-1.1324
MDA-PCa-328-5		92801001	134092001	33326	-0.0659
MDA-PCa-328-5		134096001	136955001	2180	0.9781
MDA-PCa-328-5		136956001	141984001	3881	-0.127
MDA-PCa-328-5		141988001	144947001	2456	0.8869
MDA-PCa-328-5		144948001	148622001	3148	-0.1247
MDA-PCa-328-5		148644001	153403001	3480	0.9257
MDA-PCa-328-5		153404001	154928001	890	-0.0385
MDA-PCa-328-5		2650001	9908001	2325	0.1374
MDA-PCa-328-5		9911001	9917001	4	1.6495
MDA-PCa-328-5		9918001	9963001	7	0.2294
MDA-PCa-328-5		9965001	9993001	18	-0.2749
MDA-PCa-328-5		9994001	10009001	9	0.1564
MDA-PCa-328-5		10010001	13136001	28	0.8988
MDA-PCa-328-5		13198001	13642001	24	0.0687
MDA-PCa-328-5		13643001	13848001	26	1.8069
MDA-PCa-328-5		13987001	14433001	317	0.0865
MDA-PCa-328-5		14438001	14442001	3	0.8427
MDA-PCa-328-5		14443001	19566001	3799	0.1397
MDA-PCa-328-5		20802001	24874001	2052	1.135
MDA-PCa-328-5		28529001	28783001	17	0.2264
MDA-PCa-337-A		2700001	5159001	1900	0.0113
MDA-PCa-337-A		5160001	5163001	4	-0.8937
MDA-PCa-337-A		5166001	58469001	42391	0.0297
MDA-PCa-337-A		58470001	58503001	21	0.8843
MDA-PCa-337-A		58515001	58518001	3	5.1264
MDA-PCa-337-A		58519001	58534001	3	2.4143
MDA-PCa-337-A		58547001	61907001	67	0.9175
MDA-PCa-337-A		61908001	70136001	6131	-0.0067
MDA-PCa-337-A		70138001	70141001	3	-2.1889
MDA-PCa-337-A		70142001	77119001	4502	0.0105
MDA-PCa-337-A		77121001	77123001	3	1.2601
MDA-PCa-337-A		77124001	78921001	1439	-0.0002
MDA-PCa-337-A		78922001	78925001	4	-0.6633
MDA-PCa-337-A		78926001	131004001	39457	0.0236
MDA-PCa-337-A		131005001	131011001	3	-1.3008
MDA-PCa-337-A		131012001	140875001	7718	0.0169
MDA-PCa-337-A		140876001	140880001	3	0.8808
MDA-PCa-337-A		140881001	154790001	10790	-0.001
MDA-PCa-337-A		154791001	154796001	6	-0.8879
MDA-PCa-337-A		154804001	154928001	102	0.0274
MDA-PCa-337-A		2650001	3163001	226	0.3423
MDA-PCa-337-A		3406001	3720001	4	1.0929
MDA-PCa-337-A		4078001	8737001	837	1.8147
MDA-PCa-337-A		8738001	8743001	3	0.7703
MDA-PCa-337-A		8744001	9928001	267	1.8006
MDA-PCa-337-A		9972001	13133001	12	1.0914
MDA-PCa-337-A		13134001	13642001	8	-1.9453
MDA-PCa-337-A		13643001	13848001	29	0.7219
MDA-PCa-337-A		14031001	24515001	152	-5.0993
MDA-PCa-337-A		28529001	28783001	17	1.827
MDA-PCa-342-B		2700001	5159001	1900	0.2767
MDA-PCa-342-B		5160001	5163001	4	-0.7592
MDA-PCa-342-B		5166001	26605001	17944	0.2246
MDA-PCa-342-B		26607001	26611001	5	0.7091
MDA-PCa-342-B		26612001	45490001	16034	0.2476
MDA-PCa-342-B		45491001	45644001	136	0.7569
MDA-PCa-342-B		45645001	58469001	8275	0.241
MDA-PCa-342-B		58470001	58502001	21	1.1766
MDA-PCa-342-B		58515001	58519001	5	4.8812
MDA-PCa-342-B		58521001	61917001	109	1.3202
MDA-PCa-342-B		61918001	74322001	8843	0.1589
MDA-PCa-342-B		74323001	74330001	8	-0.4563
MDA-PCa-342-B		74331001	90705001	11417	0.0415
MDA-PCa-342-B		90706001	90715001	10	-0.4807
MDA-PCa-342-B		90716001	92796001	492	0.064
MDA-PCa-342-B		92797001	92800001	4	-1.1618
MDA-PCa-342-B		92801001	94993001	1919	-0.0193
MDA-PCa-342-B		94994001	94998001	4	0.637
MDA-PCa-342-B		94999001	113090001	14447	0.0701
MDA-PCa-342-B		113093001	113109001	15	-0.346
MDA-PCa-342-B		113110001	134745001	17416	0.0265
MDA-PCa-342-B		134757001	134799001	29	1.051
MDA-PCa-342-B		134809001	145078001	8124	0.0207
MDA-PCa-342-B		145079001	154928001	7413	0.4044
MDA-PCa-342-B		2650001	9908001	2325	0.2452
MDA-PCa-342-B		9911001	9922001	7	1.5317
MDA-PCa-342-B		9926001	10009001	32	0.1328
MDA-PCa-342-B		10010001	13136001	28	1.0927
MDA-PCa-342-B		13198001	13642001	24	0.1832
MDA-PCa-342-B		13643001	13863001	36	1.8247
MDA-PCa-342-B		13987001	28783001	6191	0.1987
MDA-PCa-352-8		2700001	5159001	1900	-0.5299
MDA-PCa-352-8		5160001	5163001	4	-1.5201
MDA-PCa-352-8		5166001	8282001	2710	-0.5351
MDA-PCa-352-8		8310001	10003001	52	-5.5038
MDA-PCa-352-8		10052001	10910001	696	-0.0437
MDA-PCa-352-8		10911001	22060001	9361	0.5567
MDA-PCa-352-8		22061001	26608001	3701	1.2593
MDA-PCa-352-8		26609001	26611001	3	1.8774
MDA-PCa-352-8		26612001	58044001	24054	1.1019
MDA-PCa-352-8		58045001	58469001	389	0.0058
MDA-PCa-352-8		58470001	58503001	22	0.9478
MDA-PCa-352-8		58515001	58522001	6	4.0567
MDA-PCa-352-8		58534001	61898001	73	1.0466
MDA-PCa-352-8		61899001	61917001	17	0.5072
MDA-PCa-352-8		61918001	62530001	373	-0.083
MDA-PCa-352-8		62531001	63200001	520	-0.5126
MDA-PCa-352-8		63202001	63926001	506	0.5178
MDA-PCa-352-8		63927001	63928001	2	1.0655
MDA-PCa-352-8		63929001	65493001	211	2.0396
MDA-PCa-352-8		65538001	67337001	9	2.4903
MDA-PCa-352-8		67338001	73482001	4297	1.5741
MDA-PCa-352-8		73486001	73500001	15	1.8892
MDA-PCa-352-8		73501001	73914001	305	-0.4832
MDA-PCa-352-8		73915001	74090001	134	1.9358
MDA-PCa-352-8		74099001	76619001	1628	0.5639
MDA-PCa-352-8		76620001	77119001	322	0.9296
MDA-PCa-352-8		77121001	77123001	3	2.2262
MDA-PCa-352-8		77124001	77833001	526	0.7193
MDA-PCa-352-8		77834001	86041001	6686	-0.5277
MDA-PCa-352-8		86042001	86062001	3	-2.2601
MDA-PCa-352-8		86063001	88104001	1736	-0.5494
MDA-PCa-352-8		88105001	90138001	412	-0.1604
MDA-PCa-352-8		90139001	92796001	764	-0.5522
MDA-PCa-352-8		92797001	92800001	4	-1.5197
MDA-PCa-352-8		92801001	139804001	37831	-0.4417
MDA-PCa-352-8		139805001	139807001	3	0.6651
MDA-PCa-352-8		139808001	154790001	11387	-0.4129
MDA-PCa-352-8		154791001	154796001	6	-1.4008
MDA-PCa-352-8		154804001	154928001	100	-0.4131
MDA-PCa-352-8		2731001	3407001	5	-5.1059
MDA-PCa-352-8		3713001	3720001	8	-0.9938
MDA-PCa-352-8		6729001	9820001	28	-5.6206
MDA-PCa-352-8		9908001	9917001	6	0.8877
MDA-PCa-352-8		9918001	10009001	34	-1.0714
MDA-PCa-352-8		10010001	10062001	24	0.0616
MDA-PCa-352-8		10063001	13203001	11	1.2714
MDA-PCa-352-8		13204001	13642001	4	-1.8595
MDA-PCa-352-8		13643001	13863001	35	1.2079
MDA-PCa-352-8		14017001	28770001	180	-5.1949
MDA-PCa-355-9		2700001	2831001	77	-0.2994
MDA-PCa-355-9		2832001	2835001	4	0.4239
MDA-PCa-355-9		2838001	5159001	1819	-0.3514
MDA-PCa-355-9		5160001	5163001	4	-1.2944
MDA-PCa-355-9		5166001	52003001	38422	-0.3574
MDA-PCa-355-9		52004001	52031001	25	0.6055
MDA-PCa-355-9		52032001	53615001	612	0.9868
MDA-PCa-355-9		53616001	58469001	3336	0.619
MDA-PCa-355-9		58470001	58503001	23	1.353
MDA-PCa-355-9		58515001	58518001	4	4.2629
MDA-PCa-355-9		58519001	61898001	97	1.4816
MDA-PCa-355-9		61899001	92796001	20786	0.595
MDA-PCa-355-9		92797001	92800001	4	-0.4226
MDA-PCa-355-9		92801001	93648001	757	0.5389
MDA-PCa-355-9		93649001	93670001	20	0.0939
MDA-PCa-355-9		93671001	93686001	15	0.6197
MDA-PCa-355-9		93687001	93691001	5	0.0055
MDA-PCa-355-9		93692001	114594001	16809	0.601
MDA-PCa-355-9		114595001	114660001	61	0.994
MDA-PCa-355-9		114661001	126597001	9466	0.6058
MDA-PCa-355-9		126598001	126602001	3	-4.0534
MDA-PCa-355-9		126603001	131004001	3618	0.6108
MDA-PCa-355-9		131005001	131011001	3	-0.5995
MDA-PCa-355-9		131012001	134745001	3046	0.6483
MDA-PCa-355-9		134757001	134799001	29	1.6302
MDA-PCa-355-9		134809001	147203001	9949	0.5714
MDA-PCa-355-9		147204001	147301001	71	-0.4017
MDA-PCa-355-9		147302001	147312001	11	0.5929
MDA-PCa-355-9		147313001	147337001	20	-0.3546
MDA-PCa-355-9		147342001	154928001	5483	0.6228
MDA-PCa-355-9		2650001	9928001	2335	0.8663
MDA-PCa-355-9		9955001	10008001	27	0.2932
MDA-PCa-355-9		10009001	10062001	22	1.0367
MDA-PCa-355-9		10065001	13136001	7	1.8136
MDA-PCa-355-9		13198001	13642001	24	0.8201
MDA-PCa-355-9		13643001	13848001	33	2.027
MDA-PCa-355-9		13987001	28783001	6191	0.8347
MDA-PCa-377-1		2700001	5159001	1895	0.9712
MDA-PCa-377-1		5160001	5163001	4	-0.0006
MDA-PCa-377-1		5166001	19966001	12471	0.9979
MDA-PCa-377-1		19967001	21334001	1150	1.3825
MDA-PCa-377-1		21335001	32641001	9538	0.9861
MDA-PCa-377-1		32642001	32646001	5	0.2138
MDA-PCa-377-1		32647001	37065001	3853	0.9693
MDA-PCa-377-1		37066001	37068001	3	-0.7226
MDA-PCa-377-1		37069001	48146001	8862	1.0003
MDA-PCa-377-1		48289001	48357001	40	1.4479
MDA-PCa-377-1		48359001	58502001	6476	0.986
MDA-PCa-377-1		58515001	58521001	3	5.426
MDA-PCa-377-1		58534001	61903001	52	1.3843
MDA-PCa-377-1		61904001	66045001	2951	0.968
MDA-PCa-377-1		66046001	66151001	84	1.7015
MDA-PCa-377-1		66158001	66614001	333	0.9699
MDA-PCa-377-1		66619001	66932001	245	1.396
MDA-PCa-377-1		66933001	77119001	7021	0.9893
MDA-PCa-377-1		77121001	77123001	3	2.2155
MDA-PCa-377-1		77124001	78920001	1438	0.9637
MDA-PCa-377-1		78921001	78925001	5	0.3703
MDA-PCa-377-1		78926001	150706001	55200	0.9795
MDA-PCa-377-1		150707001	150712001	3	-1.2802
MDA-PCa-377-1		150713001	154790001	2741	0.9794
MDA-PCa-377-1		154791001	154796001	6	-0.0203
MDA-PCa-377-1		154804001	154916001	90	1.0203
MDA-PCa-377-1		154917001	154921001	3	0.0966
MDA-PCa-377-1		154922001	154928001	7	1.0303
MDA-PCa-377-1		2650001	9928001	2324	0.678
MDA-PCa-377-1		9955001	9996001	20	0.1107
MDA-PCa-377-1		10003001	13642001	45	0.704
MDA-PCa-377-1		13655001	13848001	12	1.4491
MDA-PCa-377-1		13987001	19136001	3758	0.6731
MDA-PCa-377-1		19137001	19139001	3	1.4873
MDA-PCa-377-1		19140001	28783001	2430	0.6701
