hsa-mir-103-1		0	1	0	1	0	0	0	0	0	0	0	0	1	0	0	1	0	1	0	0	0	0	0	0	0	1	1	1	0	0	0	0	0	0	1	-1	-1	0	-1	1	-1	1	0	1	0	1	0	0	0	0	0	0	0	0	2	1	-1	0	0	1	1	-1	0	0	1	0	1	0	0	1	0	0	1	0	0	0	0	0	0	0	0	0	1	-1	1	1	0	-1	2	2	0	0	0	0	-1	0	-1	1	1	-1	0	1	0	1	1	0	-1	-1	0	1	0	0	1	0	-1	-1	0	1	0	0	1	0	0	1	0	0	0	-1	0	0	0	-1	-1	-1	0	1	0	1	1	-1	1	1	0	-1	-1	0	1	0	0	0	0	0	0	1	-1	-1	0	0	-1	1	0	0	1	0	0	1	0	1	1	0	0	0	0	1	0	-1	1	0	-1	1	-1	0	1	-1	0	-1	-1	0	1	1	0	-1	0	-1	0	0	1	-2	-1	-1	-1	-1	0	0	0	0
hsa-mir-103-1-as		0	1	0	1	0	0	0	0	0	0	0	0	1	0	0	1	0	1	0	0	0	0	0	0	0	1	1	1	0	0	0	0	0	0	1	-1	-1	0	-1	1	-1	1	0	1	0	1	0	0	0	0	0	0	0	0	2	1	-1	0	0	1	1	-1	0	0	1	0	1	0	0	1	0	0	1	0	0	0	0	0	0	0	0	0	1	-1	1	1	0	-1	2	2	0	0	0	0	-1	0	-1	1	1	-1	0	1	0	1	1	0	-1	-1	0	1	0	0	1	0	-1	-1	0	1	0	0	1	0	0	1	0	0	0	-1	0	0	0	-1	-1	-1	0	1	0	1	1	-1	1	1	0	-1	-1	0	1	0	0	0	0	0	0	1	-1	-1	0	0	-1	1	0	0	1	0	0	1	0	1	1	0	0	0	0	1	0	-1	1	0	-1	1	-1	0	1	-1	0	-1	-1	0	1	1	0	-1	0	-1	0	0	1	-2	-1	-1	-1	-1	0	0	0	0
hsa-mir-103-2		1	0	0	1	0	0	0	-1	0	1	0	0	0	-1	0	0	0	-1	0	0	0	0	-1	-1	0	0	0	-1	0	-1	-1	0	-1	-1	1	1	1	1	1	1	0	1	0	1	0	1	0	0	0	0	-1	-1	0	0	2	1	0	0	0	0	-1	1	0	0	0	-1	-1	0	-1	-1	0	0	1	0	0	0	0	0	1	-1	0	0	1	-1	1	1	-1	0	1	0	0	0	0	0	-1	1	-1	-1	-1	-1	-1	0	-1	-1	1	-1	1	-1	0	-1	-1	-1	1	1	-1	-1	-1	1	0	0	1	0	0	-1	1	-1	0	1	2	0	0	1	0	-1	0	1	0	1	1	0	0	-1	0	-1	1	0	-1	0	0	-1	0	-1	0	1	0	-1	0	0	1	1	1	-1	-1	0	-1	0	0	0	1	-1	1	0	-1	-1	0	-1	-1	0	0	1	-1	2	1	-1	0	-1	1	1	-1	-1	0	2	-1	-1	0	0	1	1	0	-1	1	0	0	-1	0	-1
hsa-mir-103-2-as		1	0	0	1	0	0	0	-1	0	1	0	0	0	-1	0	0	0	-1	0	0	0	0	-1	-1	0	0	0	-1	0	-1	-1	0	-1	-1	1	1	1	1	1	1	0	1	0	1	0	1	0	0	0	0	-1	-1	0	0	2	1	0	0	0	0	-1	1	0	0	0	-1	-1	0	-1	-1	0	0	1	0	0	0	0	0	1	-1	0	0	1	-1	1	1	-1	0	1	0	0	0	0	0	-1	1	-1	-1	-1	-1	-1	0	-1	-1	1	-1	1	-1	0	-1	-1	-1	1	1	-1	-1	-1	1	0	0	1	0	0	-1	1	-1	0	1	2	0	0	1	0	-1	0	1	0	1	1	0	0	-1	0	-1	1	0	-1	0	0	-1	0	-1	0	1	0	-1	0	0	1	1	1	-1	-1	0	-1	0	0	0	1	-1	1	0	-1	-1	0	-1	-1	0	0	1	-1	2	1	-1	0	-1	1	1	-1	-1	0	2	-1	-1	0	0	1	1	0	-1	1	0	0	-1	0	-1
hsa-mir-1183		0	0	1	0	0	2	0	-1	0	1	0	0	1	1	0	1	0	-1	0	0	1	0	1	0	0	0	0	0	0	0	1	0	0	0	0	1	0	0	0	1	1	0	0	1	0	-1	0	0	0	0	0	1	0	1	-1	1	0	0	-1	0	1	0	0	0	-1	0	1	0	0	1	0	0	-1	0	-1	0	0	0	1	-1	0	0	1	1	1	1	0	1	1	0	1	-1	0	0	1	1	1	0	0	0	1	1	1	0	1	1	1	1	0	-1	1	1	1	1	0	0	0	1	0	0	-1	0	0	2	0	0	0	1	0	0	0	1	-1	2	0	0	-1	0	-1	0	1	1	0	1	0	0	1	0	-1	0	0	0	0	-1	1	-1	-1	0	1	-1	1	0	1	-1	0	0	0	1	0	0	1	0	-1	1	1	0	0	1	1	1	1	1	0	2	2	1	1	0	0	-1	0	-1	0	1	1	0	1	0	1	1	1	0	0	-1	0	1
hsa-mir-1201		-1	0	0	-1	0	0	0	-1	0	-1	0	0	0	0	0	-1	0	1	0	0	1	0	1	0	-1	0	1	1	0	0	-1	0	0	0	2	-1	1	-1	-1	1	0	-1	0	-1	0	-1	1	0	0	0	0	-1	-1	1	-1	-1	-1	0	1	0	1	0	0	0	0	0	1	0	0	1	0	-1	-1	0	-1	0	0	1	0	0	0	0	1	1	1	1	1	1	1	-1	0	0	0	0	1	0	1	1	1	0	-1	-1	-1	-1	0	1	1	0	0	1	1	0	2	0	0	-1	-1	-1	0	0	0	0	0	1	-1	0	0	1	1	-1	0	1	0	1	2	1	0	-1	1	0	0	1	0	1	1	0	1	-1	0	1	0	0	0	0	-1	1	-1	0	-1	1	0	-1	1	0	0	1	0	0	0	0	0	0	0	1	-1	1	1	-1	2	1	1	-1	-1	-1	-1	-1	1	-1	0	1	0	1	-1	1	1	1	1	1	0	-1	1	-1	0	1	0	1
hsa-mir-1202		0	0	0	0	0	0	0	-1	0	1	0	0	0	0	2	-1	1	2	0	0	1	0	1	0	0	0	-1	1	-1	0	-1	0	0	0	0	-1	1	0	0	1	0	0	0	-1	0	1	0	0	0	2	0	1	0	0	1	-1	0	0	-1	0	1	-1	0	0	0	0	-1	0	0	-1	0	0	-1	0	0	0	0	-1	0	0	0	0	1	1	-1	2	0	-1	-1	0	-1	0	0	0	1	-1	-1	1	1	0	1	0	1	0	1	0	0	1	0	-1	0	1	-1	-1	-1	0	0	1	0	0	0	0	0	0	0	-1	0	-1	0	0	0	1	0	1	0	1	0	1	-1	0	0	1	0	1	-1	0	1	0	1	-1	0	-1	0	0	0	-1	0	0	1	0	1	0	1	0	1	-1	0	0	0	0	1	0	-1	1	0	1	1	-1	1	-1	-1	1	1	0	0	1	-1	0	-1	1	0	1	-1	-1	1	0	1	-1	0	-1	1	-1	0	1	0	-1
hsa-mir-1245		-1	0	0	-1	0	0	0	2	0	-1	0	0	-1	0	0	0	0	1	0	0	1	0	-1	0	0	0	0	0	0	-1	0	0	0	0	-1	-1	1	1	1	-1	0	0	0	1	0	-1	0	0	0	0	0	0	0	0	-1	-1	1	0	-1	0	-1	0	0	0	-1	0	0	0	-1	-1	0	0	0	1	0	0	0	1	0	2	0	0	-1	1	-1	0	0	-1	1	0	-1	-1	0	0	-1	-1	0	-1	-1	-1	1	0	-1	0	0	0	0	-1	-1	-1	-1	-1	-1	0	1	-1	0	-1	0	1	-1	0	0	0	0	0	0	-1	0	0	0	-1	-1	-1	-1	0	0	-1	0	0	0	-1	0	-1	0	0	0	0	2	0	0	0	0	-1	0	-1	-1	0	0	1	0	0	0	0	0	0	0	1	-1	0	0	0	0	-1	0	1	1	0	-1	-1	-1	-1	1	-1	0	-1	0	-1	0	1	0	-1	0	-1	-1	0	1	-1	0	-1	-1	0	0	0	1	0
hsa-mir-1254		0	0	0	-1	0	0	0	-1	0	-1	0	0	1	-1	0	-1	0	-1	0	0	0	0	-1	0	-1	-1	-2	-1	-1	-1	0	-1	-1	-1	0	-1	0	1	0	-1	-1	0	0	-1	0	-1	-1	0	0	0	0	1	0	0	0	0	0	0	-1	1	-1	-1	0	-1	0	-1	-1	-1	-1	-1	0	-1	-1	-1	-1	-1	-1	-1	-1	-1	0	0	-1	-1	-1	-1	-1	0	0	-1	-1	0	0	0	-1	-1	-1	-1	1	0	-1	-1	-1	-1	0	-1	-1	-1	0	-1	0	-1	-1	-2	1	1	-1	1	0	0	0	0	0	0	-1	0	-1	-1	-1	-1	0	-1	0	-1	-1	-1	-1	1	-1	0	-1	-1	-1	-1	-1	-1	-1	0	-1	-1	-1	-1	0	-1	0	0	0	0	-1	-1	-1	-1	-1	-1	-1	-1	0	-1	-1	-1	-1	0	-1	-1	-1	-1	-1	-1	-1	1	-1	-1	-2	-1	0	-1	1	-1	0	-1	0	-1	-1	-1	-1	0	-1	-1	-1	-1	-1	-1	0	-1	1	-1
hsa-mir-1256		1	0	0	0	0	1	0	0	0	0	0	0	1	0	0	1	0	1	0	0	-1	0	-1	0	0	1	-1	0	0	0	0	0	-1	0	1	1	1	0	0	-1	0	1	0	0	0	0	0	0	1	0	1	1	0	-1	0	0	-1	0	1	0	1	-1	0	0	0	0	-1	0	1	1	0	-1	-1	-1	0	0	0	1	-1	1	0	0	1	1	1	1	1	-1	0	-1	1	0	0	0	1	0	-1	1	1	0	1	0	1	1	0	1	1	0	0	2	1	2	-1	1	1	1	0	0	0	0	0	0	0	1	0	0	-1	1	-1	0	0	1	0	1	-1	-1	0	0	0	-1	1	1	0	1	0	0	-1	-1	-1	0	0	0	-1	-1	-1	1	1	-1	1	1	1	2	1	0	1	0	0	-1	1	-1	0	0	0	0	1	1	1	1	1	1	1	0	1	1	-1	1	0	1	-1	-1	-1	-1	0	1	1	0	1	0	-1	2	1	0	0	0	0	1
hsa-mir-1259		1	0	1	1	0	0	0	1	0	0	0	0	1	0	0	0	0	1	0	0	1	0	1	0	0	0	1	1	0	0	-1	0	0	0	0	1	1	1	1	1	0	1	0	1	0	1	0	0	0	0	-1	0	0	1	1	1	0	0	1	0	1	1	0	0	0	0	0	0	1	0	0	0	1	0	0	0	0	0	1	-1	0	0	1	1	1	1	1	1	1	1	0	0	0	0	1	1	-1	1	1	0	1	0	1	-1	1	0	1	1	0	1	1	-1	1	1	-1	-1	0	1	0	0	0	0	0	0	1	1	0	1	1	0	0	1	0	1	-1	1	0	1	1	0	1	1	0	1	0	0	1	0	0	1	0	0	0	1	0	1	1	0	0	1	1	0	1	0	1	0	0	0	1	0	1	0	0	2	1	0	0	1	-1	1	1	1	1	1	-1	1	1	1	1	1	0	-1	0	0	0	-1	-1	1	0	1	1	0	0	-1	0	0
hsa-mir-1260		-1	0	-1	0	0	0	0	0	0	0	0	0	-1	0	0	-1	0	-1	0	0	1	0	1	0	-1	0	1	-1	0	-1	-1	0	0	0	-1	-1	1	-1	-1	1	-1	1	0	-1	0	1	1	0	0	0	0	-1	-1	1	-1	-1	-1	0	0	0	1	0	0	0	0	-1	1	0	0	1	-1	-1	-1	0	-1	-1	0	1	0	0	0	0	1	0	1	-1	-1	1	1	1	0	0	0	0	1	1	1	1	0	-1	1	-1	-1	-1	1	-1	1	0	0	-1	1	2	1	0	0	1	-1	-1	0	-2	0	0	0	-1	-1	0	0	0	-1	-1	0	1	-1	1	-1	1	0	-1	1	-1	0	-1	0	0	1	-1	-1	-1	-1	-1	0	0	0	0	-1	1	-1	0	-1	-1	-1	-1	0	0	0	1	0	0	0	0	0	0	0	0	-1	1	1	0	0	1	1	1	-1	-1	0	-1	1	-1	0	1	0	0	0	1	-1	-1	1	1	0	-1	1	0	0	1	0	1
hsa-mir-1261		0	0	0	-1	0	0	0	-1	0	-1	0	0	-1	0	-1	-1	0	-1	0	0	-1	0	1	-1	0	0	-1	-1	0	-1	-1	0	-1	0	0	-1	-1	-1	-1	-1	-1	0	0	-1	0	0	1	0	-1	-1	0	2	0	0	-1	1	-1	0	0	0	0	0	0	0	-1	0	0	0	1	1	1	0	0	-1	-1	0	0	-1	0	-1	0	0	1	-1	1	1	0	1	-1	-1	-1	0	0	0	-1	1	1	0	0	-1	0	-1	-1	0	0	1	0	-1	0	0	-1	-1	-1	1	1	0	-1	-1	0	-1	0	-1	0	-1	0	-1	0	1	0	0	0	-1	-1	-1	1	-1	0	1	-1	1	0	0	0	-1	0	0	0	0	-1	0	0	0	0	-1	1	-1	1	0	-1	1	0	-1	1	0	0	0	0	0	0	0	0	0	0	0	-1	0	0	1	-1	-1	0	-1	-1	-1	-1	-1	-1	-1	0	-1	0	-1	-1	-1	-1	0	1	-1	0	-2	-1	0	0	-1	0	0
hsa-mir-1263		-1	0	1	1	0	0	0	-1	0	-1	0	0	0	-2	0	0	0	-1	0	0	-1	0	0	-1	0	0	1	0	0	0	0	0	0	0	1	1	1	0	-1	-1	0	-1	0	-1	0	-1	0	0	0	0	0	-1	-1	0	-1	-1	0	0	1	1	0	-1	0	0	0	0	-1	0	0	-1	0	-1	0	-1	0	0	0	0	0	0	1	-1	-1	0	1	0	0	1	0	0	0	0	-1	0	1	1	1	0	0	0	1	0	1	0	0	1	1	-1	0	0	0	0	-1	1	1	2	0	-1	-1	0	0	0	-1	0	0	-1	0	0	0	0	0	1	0	-1	1	0	0	1	0	0	1	-1	0	-1	1	0	-1	-1	0	0	0	0	0	0	0	1	1	0	1	1	-1	-1	-1	0	-1	-1	0	-1	0	0	-1	0	0	0	0	1	0	0	-1	1	1	0	1	0	-1	-1	1	-1	0	1	0	0	0	1	0	0	-1	-1	0	1	0	0	0	-1	0	-1
hsa-mir-1267		-1	-1	0	1	0	0	0	-1	0	1	0	0	0	0	0	0	0	1	0	0	0	0	1	0	0	-1	-1	-1	-1	2	-1	-1	-1	0	-1	-1	-1	-1	-1	-1	-1	-1	0	0	0	-1	0	0	-1	0	-1	-1	0	0	-1	-1	-1	0	-1	0	1	0	0	-1	-1	0	-1	0	-1	-1	1	0	-1	0	0	0	0	-1	1	-1	-1	0	-1	1	-1	-1	0	-1	0	-1	-1	0	0	0	-1	-1	-1	1	-1	1	-1	-1	-1	1	0	0	-1	1	0	1	-1	2	-1	-1	-1	1	0	-1	0	0	0	-1	0	0	0	0	-1	-1	-1	-1	0	-1	0	-1	-1	-1	-1	-1	0	0	0	-1	0	-1	0	0	1	-1	-1	1	-1	-1	0	-1	0	1	1	0	0	-1	1	-1	-1	0	0	1	0	-1	1	0	1	0	-1	-1	-1	0	-1	-1	2	-1	-1	1	-1	1	-1	-1	-1	-1	-1	-1	0	1	-1	1	2	0	1	-1	0	1	-1	1	0	-1	1	-1
hsa-mir-1268		0	0	0	0	1	0	0	0	0	0	0	0	-2	0	0	0	0	0	0	0	1	0	-1	-1	0	0	1	1	0	-1	1	0	1	2	0	-1	0	-1	1	1	0	0	0	0	0	1	0	0	0	0	-1	-1	0	-1	0	-1	0	0	1	0	0	-1	-1	1	0	0	1	0	0	1	0	-1	0	0	0	0	0	0	0	-1	0	0	-1	0	1	1	0	-1	-1	0	0	0	0	0	-1	-1	0	-1	-1	1	-1	1	1	-1	0	-1	0	-1	0	1	1	0	0	-1	1	1	0	0	0	1	-1	0	0	-2	0	1	0	2	1	0	0	-1	0	2	2	1	0	0	0	0	1	-1	0	-1	1	0	1	-1	0	-1	1	0	0	1	0	-1	1	0	-1	2	-1	0	1	0	0	1	0	0	0	0	1	0	0	1	1	0	1	0	1	1	-1	1	1	1	0	1	-1	-1	0	1	0	0	0	-1	0	0	-1	-1	0	-1	1	0	0	-1	0	0
hsa-mir-1269		0	0	1	1	0	0	0	0	0	-1	0	0	1	0	0	-1	0	1	0	0	-1	0	0	0	0	0	-1	1	0	0	1	0	0	0	1	1	-1	0	0	1	0	1	0	-1	0	0	0	-1	0	0	-1	-1	0	0	1	1	0	0	1	0	-1	-1	0	0	-1	0	1	0	1	-1	0	0	-1	-1	0	0	0	-1	0	1	1	0	1	-1	-1	1	1	-1	0	0	0	0	0	0	1	-1	0	0	1	-1	1	0	1	-1	0	-1	-1	1	0	1	1	0	0	-1	0	-1	0	0	0	0	0	0	0	2	0	0	0	1	0	0	0	0	-1	2	-1	0	0	-1	0	-1	0	-1	-1	-1	-1	0	1	0	-1	0	0	0	0	-1	0	0	0	0	1	-1	0	0	1	0	1	1	0	-1	0	0	1	0	1	0	-1	1	0	0	1	0	1	1	1	1	0	1	1	1	-1	1	0	0	0	1	-1	0	1	1	-1	0	-1	0	0	0	1	1
hsa-mir-127		-1	0	0	0	0	0	0	0	0	1	0	0	-1	0	0	-1	0	1	0	0	1	0	1	0	-1	0	1	1	0	-1	1	0	0	0	-1	1	1	-1	-1	1	-1	1	0	-1	0	-1	1	2	0	0	0	-1	-1	1	-1	1	0	0	1	0	1	0	0	0	0	-1	1	0	0	1	1	-1	-1	0	-1	-1	0	1	0	0	0	0	1	0	1	1	-1	1	1	1	0	0	0	0	1	1	1	0	-1	-1	-1	-1	-1	1	1	-1	1	0	0	-1	1	2	2	0	0	1	-1	-1	0	0	0	0	0	-1	-1	0	0	0	-1	-1	0	1	-1	1	-1	1	0	-1	0	-1	0	-1	0	0	1	-1	-1	-1	-1	-1	0	0	0	0	0	1	-1	0	-1	1	0	-1	0	0	0	1	0	0	0	0	0	0	0	0	-1	1	1	0	0	1	1	0	-1	-1	0	-1	1	-1	0	1	0	1	0	1	-1	0	-1	1	0	-1	1	0	0	1	0	1
hsa-mir-1271		0	1	0	1	0	0	0	-1	0	0	0	0	1	0	0	1	0	1	0	0	0	0	0	0	0	1	1	-1	0	0	0	0	0	0	1	-1	-1	0	-1	1	1	1	0	1	0	1	0	0	0	0	0	0	0	0	2	1	-1	0	0	1	1	-1	0	0	1	0	1	0	1	1	0	0	1	0	0	0	0	0	0	0	0	0	1	-1	0	1	0	-1	2	2	0	0	0	0	-1	0	-1	-1	1	-1	0	1	-2	1	1	0	-1	-1	0	-1	0	0	1	0	-1	-1	0	1	0	0	2	0	0	1	0	0	0	-1	0	0	0	-1	-1	-1	0	1	0	1	1	-1	1	1	0	-1	-1	0	1	0	0	0	0	0	0	1	-1	-1	-1	0	-1	1	0	0	1	0	0	1	0	1	1	0	0	0	0	-1	0	-1	1	1	-1	1	-1	0	1	-1	0	-1	-1	0	0	1	0	1	0	-1	-1	0	1	-2	-1	1	-1	-1	0	0	0	0
hsa-mir-1273		-1	1	1	-1	0	-2	0	2	0	1	0	0	1	0	0	1	0	-1	0	0	1	0	-1	-1	1	0	0	1	0	0	1	0	0	0	1	1	2	1	1	-1	1	0	0	1	0	-1	0	0	0	0	0	0	0	0	0	-1	0	0	1	1	1	2	0	0	0	0	1	0	1	-1	1	0	0	0	0	0	0	1	0	2	0	0	-1	1	-1	1	1	1	-1	0	1	0	0	0	0	1	0	0	1	-1	1	-1	0	-1	1	0	1	-1	0	1	1	1	-1	1	1	1	0	1	-1	0	0	0	0	1	1	0	-1	0	0	0	0	0	0	0	1	0	0	1	1	0	1	-1	0	-1	1	0	-1	0	0	0	-1	0	0	1	0	-1	1	0	1	-1	0	1	-1	0	-1	1	1	1	1	0	1	0	-1	0	1	1	1	0	1	2	1	1	1	-1	0	1	1	0	0	-1	0	1	0	1	1	-1	1	0	0	-1	1	0	0	-1	0	1
hsa-mir-1273c		0	0	0	0	0	0	0	-1	0	1	0	0	0	0	2	-1	1	2	0	0	1	0	1	0	0	0	-1	1	-1	0	-1	0	0	0	0	-1	1	0	0	1	0	0	0	-1	0	1	0	0	0	2	0	1	0	0	1	-1	0	0	-1	0	1	-1	0	0	0	0	-1	0	0	-1	0	0	-1	0	0	0	0	-1	0	0	0	0	1	1	-1	2	0	-1	-1	0	-1	0	0	0	1	-1	-1	1	1	0	1	0	1	0	1	0	0	2	0	-1	0	2	-1	-1	0	0	0	1	0	0	0	0	0	0	0	-1	0	-1	0	0	0	1	0	2	0	1	0	1	-1	0	0	1	0	1	-1	0	1	0	1	-1	0	-1	0	0	0	-1	0	0	1	0	1	0	1	0	1	-1	0	0	0	0	1	0	-1	1	0	1	1	-1	1	-1	-1	1	1	0	0	1	-1	0	-1	1	0	1	-1	-1	1	0	1	-1	0	-1	1	-1	0	1	0	-1
hsa-mir-1273d		1	0	0	0	0	2	0	0	0	0	0	0	1	0	0	1	0	1	0	0	-1	0	-1	0	0	0	-1	1	-1	0	0	0	-1	0	1	1	1	0	0	-1	0	1	0	0	0	0	0	0	1	0	1	1	0	-1	0	0	-1	0	1	0	1	-1	0	-1	0	0	-1	-1	1	1	0	-1	-1	-1	-1	-1	0	-1	-1	1	0	0	1	1	1	1	-1	-1	0	-1	1	-1	0	0	1	0	-1	1	1	0	1	0	1	1	0	1	1	0	0	2	1	2	-1	1	1	1	0	0	0	0	1	0	0	1	0	0	-1	1	-1	0	0	1	0	1	-1	-1	0	0	0	-1	1	1	-1	1	0	0	-1	-1	-1	1	0	0	0	-1	-1	1	-1	0	-1	1	1	2	1	0	1	-1	0	-1	1	-1	-1	0	0	1	1	1	1	1	1	1	1	0	1	1	-1	1	0	1	-1	-1	-1	-1	-1	1	0	0	1	0	-1	2	1	-1	0	0	0	1
hsa-mir-1274a		0	1	0	2	0	0	0	0	0	1	0	0	1	0	0	0	0	1	0	0	1	0	1	0	0	1	1	1	0	0	0	0	0	0	1	1	-1	0	2	1	0	1	1	-1	0	1	0	0	0	0	0	0	0	0	1	1	0	0	1	1	1	-1	0	0	1	0	1	0	0	1	0	0	1	1	0	0	0	0	0	0	0	0	-1	1	1	1	0	2	1	1	0	1	0	0	2	-1	-1	1	1	1	-1	1	1	1	1	0	2	1	0	1	1	0	1	1	0	1	0	1	0	0	0	0	0	1	0	0	0	1	0	0	0	1	0	1	0	1	0	1	1	0	1	1	0	1	1	0	-1	0	0	0	0	1	0	1	0	1	1	0	0	1	1	0	-1	0	-1	1	0	1	1	0	0	0	0	1	1	-1	1	1	1	1	-1	1	1	1	0	1	1	1	0	1	0	1	0	-1	1	1	1	1	1	2	1	0	0	1	0	1
hsa-mir-1274b		-1	0	0	-1	0	0	0	0	0	-1	0	0	-1	0	0	-1	0	-1	0	0	0	0	-1	-1	0	-1	1	-1	-1	0	-1	-1	-1	-1	0	1	-1	1	-1	1	0	1	0	-1	0	0	0	0	-1	0	0	-1	0	0	0	1	0	0	-1	0	1	0	0	0	-1	0	0	0	0	1	-2	0	-1	0	-1	-1	-1	-1	0	0	0	0	0	1	0	1	-1	-1	1	-1	-1	-1	0	0	-1	0	1	-1	-1	-1	-1	-1	1	1	1	0	1	1	0	0	-1	0	1	-1	1	-1	0	1	-1	0	-1	0	0	1	0	-1	-1	-1	-1	-1	0	-1	0	-1	0	-1	-1	1	-1	0	1	-1	0	1	0	0	0	-1	-1	0	1	-1	0	0	-1	0	1	0	-1	1	-2	-1	-1	0	-1	1	0	0	-1	-1	0	0	-1	-1	-1	1	-1	-1	-1	-1	-1	-1	-1	-1	-1	-1	-1	-1	1	1	0	0	0	-1	1	1	1	1	-1	-1	1	-1	0	0	0	-1
hsa-mir-1277		-1	0	-1	-1	0	0	0	-1	0	0	0	0	-1	-1	0	-1	0	0	0	0	1	0	-1	1	0	-1	0	-1	-1	1	-1	-1	-1	-1	0	-1	1	0	0	-1	1	-1	0	-1	0	1	-1	0	-1	0	-1	0	0	-1	-1	-1	0	0	0	1	-1	-1	0	-1	-1	-1	-1	-1	-1	-1	0	-1	-1	-1	-1	-1	-1	-1	-1	-1	1	0	0	1	1	-1	-1	1	0	0	-1	-1	-1	0	0	0	-1	-1	-1	-1	-1	-1	-1	-1	1	-1	0	-1	1	0	-1	-1	0	-1	-1	0	-1	-1	0	0	0	0	-1	-1	0	0	0	-1	-1	0	0	-1	-1	2	-1	-1	-1	0	-1	-1	1	-1	0	-1	-1	-1	-1	-1	-1	-1	1	-1	0	-1	-1	-1	-1	0	-1	0	-1	-1	-1	-1	0	-1	0	0	-1	0	0	-1	-1	0	0	1	-1	-1	0	1	-1	1	-1	-1	-1	-1	-1	-1	0	-1	0	-1	-1	0	-1	-1	1	-2	-1	-2	0	-1	0	-1	1	0
hsa-mir-1278		-1	0	-1	-1	0	0	0	0	0	-1	0	0	0	-1	0	-1	0	1	0	0	1	0	-1	-1	1	0	0	1	0	0	1	0	0	0	0	1	-1	2	0	0	-1	-1	0	0	0	-1	0	0	-1	0	1	1	0	2	-1	0	-1	0	-1	0	1	0	0	0	1	0	1	0	1	0	0	1	0	1	0	0	0	-1	0	-1	0	0	1	1	1	-1	0	-1	0	0	0	0	0	0	-1	-1	-1	1	0	0	1	0	-1	1	0	0	0	0	0	-1	-1	1	1	0	-1	1	0	1	0	0	0	0	0	-1	0	0	0	-1	-1	0	1	-1	1	-1	1	-1	0	1	1	1	1	0	0	1	1	0	0	0	2	0	0	0	0	1	1	1	1	0	1	-1	-1	-1	1	0	-1	0	0	0	-1	0	0	1	-1	-1	1	-1	0	1	2	-1	-1	-1	-1	-1	0	1	-1	-1	0	1	0	1	0	-1	1	0	-1	1	-1	-1	0	0	0	1	0	-1
hsa-mir-1284		1	0	1	-1	0	0	0	2	0	-1	0	0	-1	-1	0	-1	0	-1	0	0	1	0	0	0	0	0	1	0	0	0	1	0	0	0	1	-1	1	-1	1	-1	0	0	0	1	0	1	0	0	0	0	-1	1	0	0	-1	-1	0	0	0	1	0	0	0	0	0	0	1	0	0	-1	-1	0	0	0	0	0	0	0	0	0	0	0	-1	-1	1	0	0	1	0	0	0	-1	-1	0	1	-1	1	-1	-1	-1	1	-1	-1	0	0	-1	1	0	0	1	0	0	-1	1	0	1	-1	-1	0	0	-1	0	-1	0	0	-1	0	1	0	0	0	1	0	-1	0	0	0	0	1	0	1	-1	0	-1	1	0	0	0	0	0	0	0	0	0	0	1	1	0	1	1	-1	0	-1	0	0	1	0	0	0	0	-1	0	0	0	0	0	0	-1	-1	-1	1	1	0	1	0	1	-1	-1	0	1	-1	0	0	1	-1	0	1	1	0	0	0	0	-1	1	0	0
hsa-mir-1285-1		0	0	1	0	0	0	0	-1	0	1	0	0	1	1	0	0	1	1	0	0	1	0	1	0	0	-1	0	1	0	0	1	-1	0	0	-1	1	0	0	0	1	1	1	0	0	0	1	2	0	0	0	0	1	0	0	-1	1	0	0	-1	0	-1	0	0	0	-1	0	1	-1	0	1	0	0	-1	0	0	0	0	-1	1	-1	0	-1	1	-1	1	1	0	-1	1	0	1	-1	0	0	-1	1	0	1	-1	0	1	1	1	0	1	1	-1	1	0	-1	1	0	1	1	1	-1	0	1	0	0	0	0	0	0	0	0	1	1	0	0	0	1	-1	1	-1	0	-1	1	0	0	1	1	0	1	-1	0	1	0	0	0	0	0	0	-1	0	0	-1	0	1	0	0	0	1	-1	0	0	0	1	0	0	1	0	0	2	-1	0	0	-1	-1	0	1	-1	0	-1	0	0	1	-1	1	-1	0	-1	0	1	0	0	-1	1	0	1	0	0	0	0	0	0
hsa-mir-1285-2		0	0	0	-1	0	0	0	0	0	-1	0	0	-1	0	0	1	0	0	0	0	0	0	-1	0	0	0	-1	0	-1	0	1	-1	0	0	-1	-1	1	1	1	0	0	0	0	1	0	1	0	0	0	0	0	1	0	0	0	-1	0	0	1	0	-1	0	0	-1	-1	-1	-1	0	0	-1	0	0	-1	-1	0	0	0	-1	0	0	0	0	-1	-1	-1	-1	0	-1	1	0	-1	-1	0	0	-1	-1	1	-1	-1	1	-1	0	-1	-1	0	-1	0	-1	0	-1	1	-1	-1	0	1	-1	0	-1	0	1	1	0	0	1	0	0	0	-1	0	0	0	-1	-1	1	2	-1	-1	-1	-1	0	0	-1	0	-1	-1	0	1	0	2	0	0	-1	0	-1	0	-1	1	-1	0	1	-1	0	0	0	1	-1	0	1	1	0	1	0	-1	-1	-1	0	0	-1	-1	1	-1	0	1	-1	0	0	0	-1	0	-1	0	-1	-1	0	-1	0	-1	-1	0	-1	0	0	0	0	1	1
hsa-mir-1289-1		1	0	1	1	0	0	0	1	0	0	0	0	1	0	0	0	0	1	0	0	1	0	1	0	0	0	1	1	0	0	-1	0	-1	0	0	1	1	1	1	1	0	1	0	1	0	1	0	0	0	0	1	0	0	0	-1	1	0	0	1	0	1	1	0	0	0	0	0	0	1	0	0	0	1	0	0	0	0	0	1	-1	0	0	1	1	1	1	1	1	1	0	0	0	0	0	1	1	-1	1	1	0	1	0	1	1	1	0	1	0	0	1	1	1	1	1	-1	2	0	1	0	0	0	0	-1	-1	1	1	0	1	1	0	0	1	0	1	-1	1	0	1	1	0	1	1	0	1	0	0	1	0	0	1	0	0	0	1	0	1	1	0	0	1	1	0	1	0	-1	0	0	0	1	0	1	0	0	2	1	0	0	1	1	1	1	1	1	1	-1	1	1	1	-1	1	0	-1	0	1	0	0	1	1	0	1	1	0	0	-1	0	0
hsa-mir-1290		1	0	0	0	0	1	0	0	0	0	0	0	1	0	0	1	0	1	0	0	-1	0	-1	0	0	1	-1	0	0	0	0	0	-1	0	1	1	1	0	0	-1	0	1	0	0	0	0	0	0	1	0	1	1	0	1	0	0	1	0	1	0	1	-1	0	0	0	0	-1	0	1	1	0	-1	-1	-1	0	0	0	-1	-1	1	0	0	1	1	1	1	1	-1	0	-1	1	0	0	0	1	0	-1	1	1	0	1	0	1	1	0	1	1	0	0	2	1	2	-1	1	1	1	0	0	0	0	1	0	0	1	0	0	-1	1	-1	0	0	1	0	1	-1	-1	0	0	0	-1	1	1	0	1	0	0	-1	-1	-1	0	0	0	-1	-1	-1	1	1	0	1	1	1	2	1	0	1	-1	0	-1	1	-1	0	0	0	0	1	1	1	1	1	1	1	0	1	1	-1	1	0	1	-1	-1	-1	-1	0	1	1	0	1	0	-1	2	1	0	0	0	0	1
hsa-mir-1294		0	1	0	0	0	0	0	0	0	0	0	0	0	0	0	1	0	1	0	0	0	0	0	0	0	1	1	1	-1	0	0	0	0	0	1	-1	-1	0	-1	1	0	1	0	1	0	1	0	0	0	0	0	0	0	0	-1	1	1	0	0	1	1	-1	0	0	1	0	1	0	0	1	0	0	1	0	0	0	0	0	0	0	0	0	1	-1	1	1	0	-1	1	1	0	0	0	0	-1	0	-1	1	1	0	0	1	1	1	1	0	-1	-1	0	1	0	0	1	0	-1	-1	0	1	0	0	1	0	0	-1	0	0	0	0	0	0	0	-1	-1	1	0	1	0	1	1	-1	1	1	0	-1	-1	0	1	0	0	0	0	0	0	1	-1	-1	-1	0	-1	1	0	0	1	0	0	1	0	1	1	0	0	0	0	1	0	-1	1	0	-1	1	-1	0	1	-1	0	-1	-1	0	1	1	0	0	0	-1	1	0	-1	1	-1	-1	-1	-2	0	0	0	0
hsa-mir-1295		1	0	1	-1	0	0	0	0	0	1	0	0	1	2	0	1	2	1	0	0	1	0	2	-1	1	0	0	1	0	0	1	0	0	0	0	1	1	2	0	-1	-1	0	1	0	0	-1	2	0	-1	0	1	1	0	0	0	1	-1	2	1	0	1	0	0	0	1	0	1	0	1	0	2	1	0	1	0	0	0	-1	0	2	1	2	1	1	-1	0	0	-1	1	0	0	0	0	0	-1	-1	2	1	1	0	1	0	1	1	0	0	0	0	0	-1	1	1	-2	0	-1	-1	0	1	0	1	0	0	0	-1	0	0	0	1	1	0	1	1	1	-1	1	1	0	1	1	1	1	0	0	1	1	0	1	0	2	0	0	0	0	1	1	1	1	0	1	-1	1	1	1	0	2	0	0	0	1	0	0	1	0	0	1	-1	1	1	2	2	1	1	-1	1	0	1	-1	2	0	1	0	1	0	1	1	0	-1	1	0	2	0	0	0	1	0	-1
hsa-mir-1299		2	0	-1	0	0	0	0	-1	0	-1	0	0	1	-1	0	1	0	-1	0	0	-1	0	1	0	0	0	1	-1	0	-1	1	0	0	0	-1	1	2	-1	1	1	1	2	0	1	0	1	0	0	0	0	1	0	0	0	0	1	0	2	1	0	1	1	0	0	-1	0	-1	-1	0	0	2	0	0	-1	0	-1	0	1	1	2	0	0	1	1	-1	-1	0	2	-1	-1	0	0	0	-1	2	1	1	0	1	-1	1	0	1	0	1	0	-2	1	0	-1	-1	-1	1	1	1	1	0	1	1	1	-1	0	0	1	0	0	-1	1	-1	0	0	-2	2	1	0	0	0	-1	1	0	1	1	0	1	1	0	0	0	1	0	-1	0	0	-1	0	1	1	0	0	1	1	2	1	0	1	-1	0	-1	-1	0	0	0	-1	-1	1	2	1	-1	-1	-1	1	1	-1	-1	0	1	1	1	2	1	0	-1	0	-1	2	0	0	1	0	1	-1	0	0	1	1	1
hsa-mir-1302-1		0	0	0	0	0	0	0	0	0	0	0	0	-1	0	0	0	0	1	0	0	0	0	-1	-1	0	0	-1	-1	0	2	0	0	-1	0	0	-1	0	-1	-1	-1	0	1	0	-1	2	2	0	-1	-1	0	-1	0	0	0	-1	-1	0	0	0	0	-1	0	0	0	-1	0	-1	0	-1	-1	1	0	0	-1	0	0	0	-1	0	-1	0	0	1	0	1	1	0	1	-1	0	-1	0	0	0	-1	1	1	-1	1	-1	1	0	0	1	1	0	-1	-1	-1	-1	0	-1	1	1	1	-1	0	-1	0	0	-1	0	0	0	-1	0	0	1	0	0	0	1	0	1	1	1	-1	1	0	-1	0	1	0	-1	-1	0	2	0	1	-1	0	0	0	0	0	0	0	0	1	-1	0	0	0	0	-1	-1	0	1	0	0	1	0	0	1	0	1	1	1	0	-1	1	1	1	0	0	-1	1	1	0	-1	0	-1	0	-1	0	-1	-1	1	-1	0	1	0	0	-1	1	-1
hsa-mir-1302-10		2	0	0	1	0	0	0	0	0	1	0	0	-1	0	0	0	0	1	0	0	1	0	-1	2	0	1	1	1	0	-1	1	0	-1	2	0	2	0	2	1	1	0	0	0	1	0	1	0	1	0	0	-1	-1	0	0	0	-1	0	0	2	0	1	-1	-1	1	0	0	2	0	0	1	0	0	0	-1	0	0	0	1	0	-1	0	0	1	-1	1	1	0	0	2	0	0	0	0	0	1	-1	0	2	-1	0	1	0	-1	-1	1	-1	0	1	0	1	1	-1	1	1	1	-1	0	1	0	-1	-1	0	0	-1	0	1	1	1	-1	0	0	-1	0	-1	1	1	0	0	0	0	1	1	0	1	1	0	2	0	0	-1	1	0	0	1	0	-1	1	0	-1	-1	0	0	1	0	2	1	0	0	-2	0	1	0	2	1	1	0	1	1	1	1	1	-1	1	1	2	-1	0	-1	0	1	0	-1	0	-1	2	-1	1	1	0	0	1	0	0	1	0	1
hsa-mir-1302-11		-1	0	1	0	0	0	0	0	0	1	0	1	1	0	0	0	0	0	0	0	-1	0	1	1	1	-1	1	2	-1	1	-1	-1	0	2	1	1	1	1	1	1	1	-1	0	1	0	1	0	0	1	0	0	1	0	-1	0	-1	1	0	-1	0	1	0	0	-1	1	1	-1	0	0	0	1	0	0	-1	0	2	-1	-1	0	1	0	0	1	-1	-1	-1	1	1	1	1	-1	0	0	0	1	1	-1	0	1	-1	-2	1	1	1	1	0	1	2	0	0	1	2	1	-2	1	-1	0	1	0	0	-1	0	0	0	0	1	1	1	-1	-1	0	-1	0	1	-1	-1	-1	-1	0	-1	-1	1	2	-1	-1	0	-1	0	-1	0	2	-1	-1	-1	1	-2	0	1	1	-1	1	0	-1	2	1	1	0	0	-2	0	0	0	-1	1	1	-1	1	0	-1	-2	1	-1	2	1	2	-1	0	0	-2	1	0	-1	-1	-1	1	0	1	-1	1	0	0	0	0	1	0	-1
hsa-mir-1302-2		1	0	0	0	0	2	0	0	0	0	0	0	1	0	0	1	0	0	0	0	-1	0	-1	0	0	-1	-1	1	-1	-2	0	0	-1	0	1	-1	1	0	0	-1	0	1	0	0	0	0	0	0	1	0	1	1	0	-1	0	0	-1	0	-1	0	-1	-1	0	-1	0	0	-1	-1	1	1	0	-1	-1	-1	-1	-1	0	-1	-1	1	0	0	1	-1	1	1	-1	-1	0	-1	1	-2	0	0	1	0	-1	1	1	0	1	0	1	1	0	1	1	0	0	2	1	0	-1	-1	-1	0	0	0	0	0	1	0	0	1	0	0	-1	1	-1	0	0	1	0	1	-1	-1	0	-1	0	-1	0	1	-1	1	0	0	-1	-1	-1	1	0	0	0	-1	-1	1	-1	-1	-1	1	1	2	1	0	1	-1	0	-1	1	-1	-1	0	0	1	1	1	1	1	1	1	1	0	1	1	-1	1	-1	1	-1	-1	-1	-1	-1	1	-1	1	1	1	-1	2	1	-1	0	0	0	1
hsa-mir-1302-3		0	0	1	0	0	0	0	0	0	-1	0	0	0	0	0	-1	0	0	0	0	1	0	0	0	0	0	0	0	0	1	-1	0	0	0	-1	1	1	1	1	1	0	0	0	1	0	1	0	0	0	0	0	1	0	0	0	1	0	0	1	0	-1	0	0	0	-1	0	0	0	-1	1	0	0	0	1	0	0	0	1	0	0	0	0	-1	1	-1	0	0	1	1	0	-1	-1	0	0	1	0	0	-1	-1	-1	1	0	-1	0	0	0	0	1	0	0	1	-1	-1	1	1	1	0	-1	0	1	1	0	0	0	0	0	0	-1	0	0	0	-1	0	-1	0	0	0	-1	-1	0	0	-1	0	-1	0	0	1	0	1	0	0	0	0	-1	0	0	-1	-1	0	1	0	0	0	0	0	0	0	1	-1	0	0	0	0	-1	0	0	1	0	-1	-1	-1	-1	1	-1	0	-1	0	-1	0	1	0	-1	0	1	-1	0	1	-1	0	-1	0	0	0	0	1	0
hsa-mir-1302-4		-1	0	0	-1	0	0	0	0	0	-1	0	0	0	0	0	-1	0	1	0	0	1	0	-1	0	0	0	0	-1	0	-1	0	0	0	0	-1	-1	1	1	1	1	0	0	0	0	0	-1	0	0	0	0	0	0	0	0	-1	-1	1	0	-1	0	-1	0	0	0	-1	0	0	0	-1	-1	0	0	0	1	0	0	0	1	0	0	0	0	-1	1	-1	0	0	-1	1	0	-1	-1	0	0	-1	-1	0	-1	-1	-1	1	0	-1	0	0	0	0	-1	-1	-1	-1	-1	-1	0	1	-1	-1	-1	0	1	-1	0	0	0	0	0	-1	-1	0	0	0	-1	-1	-1	-1	0	0	-1	1	-1	0	-1	0	-1	0	-1	-1	0	-1	0	0	0	0	-1	0	-1	-1	0	0	-1	0	0	0	0	0	0	0	1	-1	0	0	0	0	1	0	0	0	0	-1	-1	-1	-1	1	-1	0	-1	0	-1	0	-1	0	-2	0	-1	-1	0	-1	-1	0	-1	-1	0	0	0	1	0
hsa-mir-1302-5		1	0	1	1	0	0	0	1	0	0	0	0	1	0	0	0	0	1	0	0	1	0	1	0	0	0	1	1	0	0	-1	0	0	0	0	1	1	1	1	1	0	1	0	1	0	1	0	0	0	0	-1	0	0	1	1	1	0	0	1	0	1	1	0	0	0	0	0	0	1	0	0	0	1	0	0	0	0	0	1	-1	0	0	1	1	1	1	1	1	1	1	0	0	0	0	1	1	-1	1	1	0	1	0	1	-1	1	0	1	1	0	1	1	-1	1	1	-1	-1	0	1	0	0	0	0	0	-1	1	1	0	1	1	0	0	1	0	1	-1	1	0	1	1	0	1	1	0	1	0	0	1	0	0	1	0	0	0	1	0	1	1	0	0	1	1	0	1	0	1	0	0	0	1	0	1	0	0	2	1	0	0	1	-1	1	1	1	1	1	0	1	1	1	1	1	0	-1	0	0	0	-1	2	1	0	1	1	0	0	-1	0	0
hsa-mir-1302-6		0	0	1	0	0	2	0	0	0	1	0	0	1	1	0	0	0	-1	0	0	1	0	1	0	0	0	0	0	0	0	1	0	0	0	0	-1	0	0	0	1	1	0	0	1	0	-1	0	0	0	0	0	1	0	1	-1	1	0	0	-1	0	1	0	0	0	-1	0	1	0	0	1	0	0	-1	0	-1	0	0	0	1	-1	0	0	1	1	1	1	0	1	1	0	1	-1	0	0	1	1	1	0	0	0	1	1	1	0	1	1	1	1	0	-1	1	1	1	1	0	0	0	1	0	0	-1	0	0	0	0	0	0	1	0	0	0	1	-1	1	0	0	-1	0	-1	0	1	1	0	1	0	0	1	0	-1	0	1	0	0	-1	1	-1	-1	0	1	-1	1	0	1	-1	0	0	0	1	0	0	1	0	-1	1	1	0	0	1	1	1	1	1	0	2	2	1	1	0	0	-1	0	-1	0	1	1	0	1	0	1	1	1	0	0	-1	0	1
hsa-mir-1302-7		-1	1	1	-1	0	0	0	1	0	0	0	0	1	0	0	1	0	-1	0	0	1	0	-1	-1	1	0	0	1	0	0	1	0	0	0	1	1	2	1	0	-1	1	0	0	1	0	1	0	0	0	0	0	0	-1	0	0	-1	0	0	1	1	1	2	0	0	0	0	1	0	1	-1	1	0	0	1	0	0	0	-1	0	-1	0	0	-1	1	2	1	2	-1	-1	0	1	0	0	0	0	1	2	1	1	-1	1	-1	0	-1	1	0	1	-1	0	1	1	0	1	0	1	0	2	1	-1	0	0	0	0	1	1	-1	0	0	0	0	0	0	0	-1	1	-1	0	0	1	0	1	-1	0	-1	1	0	-1	0	0	0	2	0	0	0	0	1	0	0	1	-1	1	1	-1	0	1	1	1	1	1	0	1	0	-1	0	1	1	-1	1	1	2	1	2	1	1	0	1	-1	-1	0	-1	0	1	0	1	0	-1	1	0	1	-1	1	0	0	-1	-1	1
hsa-mir-1302-8		2	0	1	0	0	0	0	1	0	0	0	0	0	0	0	1	0	1	0	0	-1	0	1	0	0	0	1	-1	0	-1	1	0	0	0	-1	1	2	-1	1	1	1	1	0	1	0	1	0	0	0	0	1	0	2	0	0	1	0	0	1	0	1	1	0	0	-1	0	0	-1	1	0	0	0	0	-1	0	0	0	1	1	2	0	0	1	1	-1	1	0	0	1	0	0	0	-1	0	1	1	1	1	1	0	1	0	1	0	1	0	-1	1	0	1	-1	-1	1	1	1	1	2	1	1	1	0	0	0	1	0	0	0	1	1	0	0	-1	0	-1	0	0	0	-1	-1	1	1	1	0	1	0	0	0	0	1	0	0	0	0	0	0	1	1	0	0	1	1	1	1	0	1	-1	0	-1	0	0	0	0	-1	1	1	-1	1	-1	1	-1	1	1	-1	0	0	1	1	1	1	1	0	-1	0	1	-1	0	0	1	0	1	1	0	0	1	1	1
hsa-mir-1302-9		-1	-1	1	0	0	0	0	-1	0	-1	0	0	-1	-1	0	1	0	-1	0	0	-1	0	-1	0	0	0	-1	-1	0	-1	1	0	-1	0	-1	-1	-1	-1	1	1	-1	-1	0	2	-2	-1	0	0	0	0	-1	-1	0	-1	-1	-1	-1	0	-2	0	1	-1	0	0	1	0	-1	-1	-1	1	1	0	0	1	0	-1	0	-1	1	-1	0	0	-1	1	-1	-1	0	-1	-1	-1	0	-1	0	-1	1	-2	0	0	1	-1	-1	-1	1	0	1	-1	-1	0	0	-1	0	1	1	0	0	0	-1	1	0	1	-2	0	0	-1	0	0	-1	0	0	0	0	-1	0	0	-1	0	0	-1	1	0	-1	-2	0	1	0	0	-1	0	-2	0	-1	0	0	-1	0	1	-1	-1	0	-1	2	-1	-1	0	1	0	0	-2	-1	0	0	-1	-1	-2	1	2	-1	-1	1	1	1	1	-1	-1	0	-1	-1	1	0	-1	0	-2	-1	-1	2	-1	1	-1	1	0	0	0	0	-1	1	-1
hsa-mir-1303		0	1	0	0	0	0	0	0	0	0	0	0	0	0	0	1	0	1	0	0	0	0	0	0	0	1	1	0	0	0	0	0	0	0	1	-1	-1	0	1	1	0	1	0	1	0	1	0	0	0	0	0	0	0	0	-1	1	1	0	0	1	1	-1	0	0	1	0	1	0	0	1	0	0	1	0	0	0	0	0	0	0	0	0	1	-1	1	1	0	-1	1	1	0	0	0	0	-1	0	-1	1	1	0	0	1	1	1	1	0	-1	-1	0	1	0	0	1	0	-1	-1	0	1	0	0	1	0	0	-1	0	0	0	0	0	0	0	-1	-1	1	0	1	0	1	1	-1	1	1	0	-1	-1	0	1	0	0	0	0	0	0	1	-1	-1	-1	0	-1	1	0	0	1	0	0	1	0	1	1	0	0	0	0	1	0	-1	1	0	-1	1	-1	0	1	-1	0	-1	-1	0	1	1	0	0	0	-1	1	0	-1	1	-1	-1	-1	-1	0	0	0	0
hsa-mir-1308		1	0	1	1	0	0	0	0	0	0	0	0	1	-1	0	1	0	-1	0	0	-1	0	1	1	0	0	-1	1	1	-1	1	-1	1	-1	0	0	-1	1	0	1	1	1	0	0	0	-1	2	0	-1	0	0	0	0	1	1	1	0	0	0	1	0	1	0	2	-1	1	1	-1	0	1	0	-1	-1	-1	-1	-1	-1	1	1	-1	1	0	0	1	-1	1	0	-1	0	0	1	1	-1	0	1	0	1	1	1	1	-1	1	0	0	1	0	0	1	1	0	-1	2	0	1	1	1	-1	2	0	0	0	0	-1	-2	0	0	0	1	-1	0	0	1	1	-1	0	-1	2	0	1	-1	1	1	0	1	-1	1	-1	-1	2	0	-1	0	0	1	-1	2	1	-1	-1	0	-1	1	1	-1	0	1	0	0	0	0	0	1	-1	1	0	-1	1	1	-1	-1	2	-1	0	-1	-1	1	1	1	0	1	0	1	-1	0	1	-1	-1	1	-1	1	-1	-1	0	1	-1	0
hsa-mir-1321		1	0	1	2	0	0	0	-1	0	0	0	0	-1	-1	0	-1	0	0	0	0	1	0	-1	-2	0	-1	0	1	-1	-1	-1	-1	-1	-1	0	0	1	0	0	-1	1	1	0	-1	0	1	-1	0	-1	0	-1	0	0	-1	2	1	-1	0	0	1	-1	-1	0	-1	-1	-1	-1	-1	-1	-1	0	-1	-1	-1	-1	-1	-1	-1	-1	-1	1	0	-1	1	1	-1	-1	1	0	0	-1	-1	-1	0	0	0	-1	1	-1	1	-1	-1	0	0	1	-1	0	-1	-1	0	1	-1	0	1	-1	0	-1	2	0	0	0	0	-1	-1	0	0	-1	-1	-1	0	0	-1	-1	-1	-1	-1	-1	0	-1	-1	1	1	-1	-1	-1	1	-1	-1	-1	-1	1	-1	0	-1	-1	-1	-1	0	1	0	-1	-1	1	-1	0	-1	0	0	-1	0	0	-1	2	-2	0	1	-1	-1	0	1	-1	0	-1	1	-1	-1	-1	-1	0	-1	0	-1	-1	0	-1	-1	1	1	-1	-2	0	-1	0	-1	1	0
hsa-mir-147		1	0	0	0	0	0	0	1	0	1	0	0	1	0	0	1	0	0	0	0	-1	0	1	0	0	0	1	-1	0	0	1	0	0	0	-1	1	-1	-1	1	0	1	1	0	1	0	1	0	0	0	0	1	0	1	0	0	1	0	0	1	0	1	1	0	0	-1	0	0	-1	1	0	0	0	0	-1	0	0	0	1	1	2	0	0	1	1	-1	1	0	0	1	0	0	0	0	0	1	1	1	1	1	0	1	0	1	1	1	0	-1	1	0	1	-1	-1	1	-1	1	1	2	1	1	1	0	0	0	1	0	0	0	1	1	0	0	-1	2	0	0	0	0	-1	-1	1	1	1	0	1	-1	0	0	0	1	0	0	0	0	0	-1	-1	1	0	0	1	1	1	1	0	1	-1	0	-1	0	0	0	0	-1	1	1	-1	1	-1	1	-1	1	1	-1	0	0	1	1	1	1	1	0	-1	0	1	-1	0	0	0	0	-1	1	0	0	-1	1	1
hsa-mir-151		-1	1	1	-1	0	0	0	1	0	0	0	0	1	0	0	1	0	-1	0	0	1	0	-1	-1	1	0	0	1	0	0	1	0	0	0	1	1	2	1	0	-1	1	0	0	1	0	0	0	0	0	0	0	0	-1	0	0	-1	0	0	1	1	1	2	0	0	0	0	1	0	1	-1	1	0	0	1	0	0	0	-1	0	-1	0	0	-1	1	2	1	2	-1	-1	0	1	0	0	0	0	1	2	1	1	-1	1	-1	0	-1	1	0	1	-1	0	1	1	0	1	0	1	0	2	1	-1	0	0	0	0	1	1	-1	0	0	0	0	0	0	0	-1	1	-1	0	0	1	0	1	-1	0	-1	1	0	-1	0	0	0	2	0	0	-1	0	1	0	0	1	-1	1	1	-1	0	1	1	1	1	1	0	1	0	-1	0	1	1	-1	1	1	2	1	2	1	1	0	1	-1	-1	0	-1	0	1	0	1	0	-1	1	0	1	-1	1	0	0	-1	-1	1
hsa-mir-1825		1	0	1	1	0	0	0	1	0	1	0	0	1	0	0	0	0	1	0	0	1	0	-1	0	0	0	1	1	0	0	-1	0	-1	0	0	1	1	1	1	1	0	1	0	1	0	1	0	0	0	0	0	0	0	0	-1	1	0	0	1	0	1	1	0	0	0	0	0	0	1	0	0	0	1	0	0	0	0	0	1	-1	0	0	1	1	1	1	1	1	1	0	0	0	0	0	1	1	-1	1	2	0	1	0	1	1	1	0	1	0	0	1	1	1	1	1	1	-1	0	1	0	0	0	0	-1	0	1	1	0	1	1	0	0	1	0	1	-1	1	0	1	1	0	1	1	0	1	0	0	1	0	0	1	0	0	0	1	0	1	1	0	2	1	1	0	-1	0	-1	0	0	0	1	0	1	0	0	-1	1	1	1	0	1	1	1	1	1	1	0	1	1	1	-1	1	0	-1	0	1	0	0	1	1	0	1	1	0	0	1	0	0
hsa-mir-1826		-1	1	0	-1	0	0	0	0	0	0	0	0	0	-1	0	1	0	1	0	0	0	0	-1	0	0	0	-1	1	-1	0	1	-1	-1	0	-1	-1	-1	1	1	1	0	0	0	-1	0	-1	0	0	-1	0	0	-1	0	0	0	1	0	0	-1	0	-1	-1	0	-1	-1	0	-1	0	-1	-1	0	-1	-1	-1	0	0	0	-1	-1	-1	-1	0	0	1	-1	-1	0	1	1	0	-1	0	-1	0	-1	0	-1	-1	1	1	-1	-1	-1	-1	0	-1	1	-1	2	-1	-1	-1	1	-2	1	-1	-1	0	0	1	0	0	0	1	-1	0	-1	-1	-1	-1	0	-1	0	-1	-1	-1	-1	-1	1	-1	-1	-1	-1	-1	-1	0	-1	-1	1	-1	-1	-1	0	0	-1	-1	1	-1	-1	-1	0	-1	-1	0	-1	-1	0	1	-2	0	0	0	-1	-1	1	-1	-1	0	-1	1	-1	-1	-1	-1	0	-1	-1	-1	0	-1	0	-1	-1	-1	1	-1	1	-1	-1	-1	-1	-1	0	0	0	-1
hsa-mir-190		-1	0	1	0	1	0	0	0	0	0	0	0	-1	0	0	0	0	0	0	0	1	0	-1	2	0	1	1	1	0	-1	1	0	1	0	0	-1	-1	-1	1	0	0	0	0	0	0	1	0	1	0	0	-1	-1	0	0	0	-1	0	0	1	0	1	-1	0	1	0	0	1	0	0	1	0	0	0	-1	0	0	0	0	0	-1	0	0	-1	0	1	1	0	1	1	0	0	0	0	0	1	-1	0	1	-1	0	1	-1	1	-1	2	-1	0	-1	0	1	1	0	0	1	1	1	0	1	0	-1	-1	0	0	-1	0	1	0	1	-1	0	0	-1	0	-1	1	1	0	-1	0	0	1	1	0	1	1	0	-1	0	0	-1	1	0	0	1	0	0	-1	0	-1	1	0	0	1	0	0	1	0	0	0	0	1	0	0	1	1	0	1	-1	1	1	1	0	1	1	0	0	1	-1	0	1	0	-1	0	-1	1	0	1	0	1	-1	1	0	0	-1	0	1
hsa-mir-1975		0	0	1	-1	-2	0	0	1	0	1	0	0	1	2	0	0	1	1	0	0	0	0	1	0	0	-1	1	1	0	0	1	-1	0	0	-1	1	0	0	0	1	1	1	0	-2	0	1	0	0	0	0	0	1	0	0	-1	-1	0	0	-1	0	-1	0	0	0	-1	0	1	-1	0	1	-2	0	-1	0	0	0	0	1	1	-1	0	-1	-1	-1	1	1	0	-1	1	0	1	-1	0	0	1	-1	-1	1	-1	0	1	-1	-1	-1	0	1	-1	1	0	-1	-1	0	1	-1	1	1	0	1	0	0	0	0	0	0	0	0	2	1	0	0	0	1	-1	1	0	0	0	1	0	0	1	1	0	2	-1	0	0	-1	-1	0	2	0	0	-1	0	0	-1	0	1	0	0	-1	1	-1	0	0	0	1	0	0	1	0	0	1	0	0	1	-1	-1	0	1	0	0	-1	0	1	1	-1	1	-1	0	-1	-1	1	-1	-1	-1	1	0	-2	0	0	0	0	0	0
hsa-mir-1979		-1	0	-1	1	0	0	0	0	0	-1	0	0	-1	2	0	-1	0	-1	0	0	0	0	-1	0	0	0	-1	1	0	0	1	0	0	0	1	-1	-1	0	0	1	0	-1	0	-1	0	-1	0	-1	0	0	-1	-1	0	-1	1	-1	0	0	0	0	-1	-1	0	0	-1	0	0	0	1	-1	0	0	0	-1	0	0	0	-1	0	1	1	0	-1	-1	-1	-1	1	-1	0	1	0	0	0	0	0	-1	1	0	-1	-1	0	0	1	-1	0	-1	-1	-1	-1	-1	1	1	-2	1	0	-1	-1	0	0	0	0	0	0	-1	0	0	0	-1	0	0	0	0	0	1	-1	0	0	-1	0	-1	0	-1	-1	1	-1	0	1	0	-1	2	0	0	0	-1	0	-1	-1	0	-1	-1	0	0	0	0	1	1	0	0	0	0	1	0	1	1	-1	-1	0	-1	-1	0	1	-1	1	1	-1	1	-1	1	-1	-1	0	0	0	1	-1	0	1	-1	-1	0	0	0	0	0	1	1
hsa-mir-2115		1	0	-1	-1	0	0	0	2	0	-1	0	0	-1	-1	-1	-1	0	-1	0	0	1	0	0	0	0	0	1	0	0	0	1	0	0	0	1	-1	1	-1	1	-1	0	0	0	1	0	1	0	0	0	0	-1	1	0	0	-1	-1	0	0	1	1	0	0	0	0	0	0	1	0	0	1	-1	0	0	0	0	0	0	0	0	0	0	0	-1	-1	0	0	0	1	0	0	0	-1	-1	0	1	0	1	-1	-1	1	-2	-1	-1	0	0	-1	1	0	0	1	0	-1	-1	1	-1	1	-1	-1	0	0	1	-1	-1	0	0	-1	-1	1	0	0	0	1	0	-1	0	0	0	-1	1	0	1	-1	0	-1	1	0	-1	0	-1	-1	0	0	0	0	0	1	-1	0	1	1	0	-1	-1	0	0	1	0	-1	-1	0	-1	0	0	0	0	1	0	-1	0	0	-1	1	0	1	0	-1	0	-1	0	1	-1	0	0	1	0	0	-1	1	0	0	0	0	-1	1	0	0
hsa-mir-220a		-1	0	-1	-1	0	0	0	0	0	0	0	0	-1	-1	0	-1	0	0	0	0	1	0	-1	1	0	-1	0	-1	-1	1	-1	-1	-1	-1	0	-1	1	0	0	0	-1	-1	0	1	0	1	-1	0	-1	0	-1	0	0	-1	-1	-1	0	0	0	1	-1	-1	0	-1	-1	-1	-1	-1	-1	0	0	-1	-1	-1	-1	-1	-1	-1	-1	-1	1	0	1	-1	1	-1	-1	1	0	0	-1	-1	-1	0	0	0	-1	1	-1	-1	-1	-1	-1	-1	1	-1	0	-1	1	0	-1	-1	0	-1	-1	0	-1	-1	0	0	0	0	-1	1	0	0	0	-1	-1	0	0	-1	-1	-1	1	-1	-1	0	-1	-1	1	-1	0	-1	-1	1	-1	-1	-1	-1	1	-1	0	-1	-1	-1	-1	0	-1	0	-1	-1	-1	-1	0	-1	0	0	-1	0	0	-1	-1	0	0	1	-1	-1	0	1	-1	1	-1	-1	-1	-1	-1	-1	0	-1	0	-1	-1	0	-1	-1	-1	-2	-1	1	0	-1	0	-1	1	0
hsa-mir-220b		1	0	1	0	0	0	0	0	0	1	0	1	1	0	0	0	0	0	0	0	1	0	1	1	1	0	1	1	0	1	-1	0	0	2	1	1	1	1	1	1	0	1	0	1	0	1	0	0	1	0	0	-1	0	1	0	1	-1	0	1	0	1	0	0	0	1	0	1	0	-1	0	0	0	0	0	0	2	2	1	0	0	0	0	0	0	-1	1	1	1	1	1	1	0	0	0	1	1	-1	-1	1	-1	2	1	1	1	1	0	1	0	0	0	1	2	1	1	1	-1	0	1	0	0	1	0	0	0	0	0	1	-1	1	0	0	-1	0	1	0	0	0	-1	1	0	1	1	2	0	0	0	0	0	-1	0	1	0	0	0	1	-1	1	1	1	-1	1	0	-1	2	1	1	0	0	1	0	0	0	-1	1	1	1	1	0	0	-1	1	2	2	1	2	1	0	2	1	1	0	1	-1	-1	1	0	-1	1	1	0	0	0	0	1	0	-1
hsa-mir-220c		-1	0	1	-1	0	0	0	0	0	1	0	0	0	0	0	-1	0	0	0	0	0	0	1	-1	0	-1	1	1	-1	0	2	0	-1	-1	0	1	-1	1	-1	1	0	1	0	-1	0	0	0	0	-1	0	0	-1	0	0	0	1	0	0	-1	0	1	0	0	0	-1	0	1	0	0	0	0	0	-1	-1	-1	-1	-1	-1	0	0	0	0	1	1	0	1	-1	-1	-1	-1	-1	-1	0	0	-1	0	1	-1	0	-1	-1	1	1	1	1	0	1	-1	0	0	-1	0	1	-1	1	-1	0	1	-1	0	-1	0	0	-1	0	-1	-1	-1	-1	-1	0	-1	0	-1	0	-1	-1	-1	-1	0	1	1	0	1	0	0	0	-1	-1	0	-1	-1	0	0	-1	0	-1	0	-1	1	1	-1	-1	0	-1	1	0	0	0	-1	0	0	-1	1	-1	1	1	-1	-1	-1	-1	0	-1	-1	-1	-1	1	-1	1	1	0	-1	0	-1	1	1	-1	1	-1	-1	1	0	0	0	0	-1
hsa-mir-224		-1	0	-1	-1	0	0	0	-1	0	0	0	0	-1	-1	0	-1	0	0	0	0	1	0	1	1	0	-1	-1	-1	-1	1	-1	-1	-1	-1	0	-1	1	0	0	2	-1	-1	0	-1	0	1	-1	0	-1	0	-1	0	0	-1	-1	1	0	0	0	1	-1	-1	0	-1	-1	-1	-1	-1	0	-1	1	-1	-1	-1	-1	-1	-1	-1	-1	-1	1	0	0	-1	1	-1	-1	0	0	0	-1	-1	-1	0	0	0	-1	1	-1	-1	-1	-1	1	1	1	-1	0	-1	1	-1	1	2	0	-1	1	0	-1	-1	0	0	0	0	-1	1	0	0	0	-1	-1	0	0	-1	-1	-1	1	-1	-1	0	-1	-1	1	-1	0	0	-1	1	1	-1	-1	-1	2	-1	0	-1	-1	-1	-1	0	-1	0	1	-1	2	-1	0	-1	0	0	0	0	0	-1	-1	0	0	1	-1	1	0	1	-1	1	-1	1	-1	-1	-1	-1	0	0	0	-1	-1	0	-1	1	-1	-2	-1	1	0	-1	0	-1	1	0
hsa-mir-2355		-1	0	0	-1	0	0	0	0	0	-1	0	0	0	0	0	-1	0	1	0	0	1	0	-1	0	0	0	0	-1	0	-1	0	0	0	0	-1	-1	1	1	1	1	0	0	0	0	0	-1	0	0	0	0	0	0	0	0	-1	-1	1	0	-1	0	-1	0	0	0	-1	0	0	0	-1	-1	0	0	0	1	0	0	0	1	0	0	0	0	-1	1	-1	0	0	-1	1	0	-1	-1	0	0	-1	-1	0	-1	-1	-1	1	0	-1	0	0	0	0	-1	-1	-1	-1	-1	-1	0	1	-1	-1	-1	0	1	-1	0	0	0	0	0	-1	-1	0	0	0	-1	-1	-1	-1	0	0	-1	1	-1	0	-1	0	-1	0	-1	-1	0	-1	0	0	0	0	-1	0	-1	-1	0	0	-1	0	0	0	0	0	0	0	1	-1	0	0	0	0	-1	0	0	0	0	-1	-1	-1	-1	1	-1	0	-1	0	-1	0	-1	0	-1	0	-1	-1	0	-1	-1	0	-1	-1	0	0	0	1	0
hsa-mir-28		-1	0	1	-1	0	0	0	-1	0	1	0	0	0	-1	0	0	0	-1	0	0	1	0	0	-1	0	0	1	0	0	0	0	0	0	0	1	1	1	0	-1	-1	0	-1	0	1	0	2	0	0	0	0	0	-1	-1	0	-1	-1	0	0	1	1	0	-1	0	0	0	0	-1	0	0	-1	0	-1	0	-1	0	0	0	1	0	0	0	-1	-1	0	1	0	0	1	0	0	0	0	-1	0	1	1	1	1	1	0	1	0	1	0	0	1	1	1	0	0	0	0	1	1	1	1	0	-1	-1	0	0	0	-1	-1	0	-1	0	-1	0	0	0	1	0	-1	-1	0	0	1	-1	0	1	-1	0	-1	1	0	1	0	0	0	0	0	0	0	0	1	1	0	1	1	-1	1	-1	0	-1	-1	0	0	0	0	-1	0	0	1	0	1	0	0	-1	1	1	0	1	0	0	-1	1	-1	0	1	0	0	0	1	-1	0	1	-1	0	2	1	0	0	-1	0	-1
hsa-mir-297		0	0	-1	1	0	0	0	0	0	-1	0	0	-1	-1	0	-1	0	1	0	0	0	0	-1	0	0	0	-1	-1	0	0	1	0	0	0	1	-1	-1	0	0	-1	0	1	0	-1	0	0	0	-1	0	0	-1	-1	0	0	1	1	1	0	0	0	-1	0	0	0	-1	0	1	0	1	-1	0	0	0	-1	0	0	0	-1	0	1	1	0	1	-1	-1	-1	1	-1	0	1	0	0	0	0	0	-1	0	0	1	-1	2	0	1	-1	0	-1	-1	-1	0	1	1	1	1	-1	0	-1	-1	0	0	0	0	0	0	-1	0	0	0	-1	0	0	0	0	0	-1	-1	0	0	-1	0	-1	0	-1	-1	-1	-1	0	1	0	-1	1	0	0	0	-1	0	-1	0	0	-1	-1	0	0	1	0	1	1	0	-1	0	0	1	0	1	1	-1	1	0	1	1	0	0	-1	1	1	-1	1	1	1	-1	-1	0	0	0	1	-1	0	1	-1	-1	0	0	0	0	0	1	1
hsa-mir-300		-1	0	0	0	0	0	0	0	0	1	0	0	-1	0	0	-1	0	1	0	0	1	0	1	0	-1	0	1	1	0	-1	1	0	0	0	-1	1	1	-1	-1	1	-1	1	0	-1	0	-1	1	2	0	0	0	-1	-1	1	-1	1	0	0	1	0	1	0	0	0	0	-1	1	0	0	1	1	-1	-1	0	-1	-1	0	1	0	0	0	0	1	0	1	1	-1	1	1	1	0	0	0	0	1	1	1	0	-1	-1	-1	-1	-1	1	1	-1	1	0	0	-1	1	2	2	0	0	1	-1	-1	0	0	0	0	0	-1	-1	0	0	0	-1	-1	0	1	-1	1	-1	1	0	-1	0	-1	0	-1	0	0	1	-1	-1	-1	-1	-1	0	0	0	0	0	1	-1	0	-1	1	0	-1	0	0	0	1	0	0	0	0	0	0	0	0	-1	1	1	0	0	1	1	0	-1	-1	0	-1	1	-1	0	1	0	1	0	1	-1	0	-1	1	0	-1	1	0	0	1	0	1
hsa-mir-3116-1		1	0	0	2	0	1	0	0	0	0	0	0	-1	0	0	1	0	1	0	0	-1	0	-1	0	0	0	0	1	0	0	0	0	0	0	1	1	2	0	0	-1	0	0	0	0	0	2	0	0	1	0	1	1	0	0	0	0	0	0	1	0	1	-1	0	0	0	0	-1	0	1	1	0	0	0	1	0	0	-1	1	1	0	0	0	1	1	1	0	0	-1	0	0	0	0	0	0	1	0	2	1	1	0	1	0	1	-1	0	1	1	0	0	2	0	1	-1	1	1	1	0	0	0	0	2	0	0	1	0	0	-1	1	-1	0	0	1	0	2	1	0	0	-1	1	0	1	0	0	-1	0	0	-1	-1	0	0	0	0	0	1	-1	1	1	0	1	1	1	1	1	0	1	0	0	-1	1	0	0	0	0	0	1	1	1	1	1	1	1	1	1	1	-1	1	1	1	0	-1	-1	1	0	1	0	0	1	2	0	0	0	0	0	-1	0	1
hsa-mir-3116-2		1	0	0	2	0	1	0	0	0	0	0	0	-1	0	0	1	0	1	0	0	-1	0	-1	0	0	0	0	1	0	0	0	0	0	0	1	1	2	0	0	-1	0	0	0	0	0	2	0	0	1	0	1	1	0	0	0	0	0	0	1	0	1	-1	0	0	0	0	-1	0	1	1	0	0	0	1	0	0	-1	1	1	0	0	0	1	1	1	0	0	-1	0	0	0	0	0	0	1	0	2	1	1	0	1	0	1	-1	0	1	1	0	0	2	0	1	-1	1	1	1	0	0	0	0	2	0	0	1	0	0	-1	1	-1	0	0	1	0	2	1	0	0	-1	1	0	1	0	0	-1	0	0	-1	-1	0	0	0	0	0	1	-1	1	1	0	1	1	1	1	1	0	1	0	0	-1	1	0	0	0	0	0	1	1	1	1	1	1	1	1	1	1	-1	1	1	1	0	-1	-1	1	0	1	0	0	1	2	0	0	0	0	0	-1	0	1
hsa-mir-3118-1		1	0	1	-1	0	0	0	0	0	0	0	0	0	1	0	1	0	1	0	0	1	0	2	0	1	0	0	-1	0	0	1	0	0	0	1	1	-1	0	0	-1	1	0	0	0	0	-1	2	0	0	0	1	1	0	0	-1	1	0	0	0	0	1	1	0	0	1	0	-1	0	1	0	1	0	0	1	0	-1	-1	-1	-1	-1	0	0	0	1	2	0	0	-1	-2	0	0	0	0	0	1	-1	1	1	1	0	-2	0	1	1	0	0	1	0	0	1	1	0	-2	1	1	1	0	1	0	1	0	0	0	1	0	0	0	1	-1	0	1	1	0	-1	1	0	0	1	1	1	1	0	0	1	1	1	1	-1	2	2	0	-1	0	1	0	1	1	0	1	1	1	1	1	0	2	0	0	-1	1	0	0	1	0	1	1	1	1	1	2	2	1	1	-1	1	0	1	1	1	0	1	0	-1	0	1	1	0	1	1	0	1	0	0	0	-1	0	1
hsa-mir-3118-2		1	0	1	-1	0	0	0	0	0	0	0	0	0	1	0	1	0	1	0	0	1	0	2	0	1	0	0	-1	0	0	1	0	0	0	1	1	-1	0	0	-1	1	0	0	0	0	-1	2	0	0	0	1	1	0	0	-1	1	0	0	0	0	1	1	0	0	1	0	-1	0	1	0	1	0	0	1	0	-1	-1	-1	-1	-1	0	0	0	1	2	0	0	-1	-2	0	0	0	0	0	1	-1	1	1	1	0	-2	0	1	1	0	0	1	0	0	1	1	0	-2	1	1	1	0	1	0	1	0	0	0	1	0	0	0	1	-1	0	1	1	0	-1	1	0	0	1	1	1	1	0	0	1	1	1	1	-1	2	2	0	-1	0	1	0	1	1	0	1	1	1	1	1	0	2	0	0	-1	1	0	0	1	0	1	1	1	1	1	2	2	1	1	-1	1	0	1	1	1	0	1	0	-1	0	1	1	0	1	1	0	1	0	0	0	-1	0	1
hsa-mir-3118-3		1	0	1	-1	0	0	0	0	0	0	0	0	0	1	0	1	0	1	0	0	1	0	2	0	1	0	0	-1	0	0	1	0	0	0	1	1	-1	0	0	-1	1	0	0	0	0	-1	2	0	0	0	1	1	0	0	-1	1	0	0	0	0	1	1	0	0	1	0	-1	0	1	0	1	0	0	1	0	-1	-1	-1	-1	-1	0	0	0	1	2	0	0	-1	-2	0	0	0	0	0	1	-1	1	1	1	0	-2	0	1	1	0	0	1	0	0	1	1	0	-2	1	1	1	0	1	0	1	0	0	0	1	0	0	0	1	-1	0	1	1	0	-1	1	0	0	1	1	1	1	0	0	1	1	1	1	-1	2	2	0	-1	0	1	0	1	1	0	1	1	1	1	1	0	2	0	0	-1	1	0	0	1	0	1	1	1	1	1	2	2	1	1	-1	1	0	1	1	1	0	1	0	-1	0	1	1	0	1	1	0	1	0	0	0	-1	0	1
hsa-mir-3118-4		0	0	0	0	1	0	0	0	0	0	0	0	-2	0	0	0	0	0	0	0	1	0	-1	-1	0	0	1	1	0	-1	1	0	1	2	0	-1	0	-1	1	1	0	0	0	0	0	1	0	0	0	0	-1	-1	0	-1	0	-1	0	0	1	0	0	-1	-1	1	0	0	1	0	0	1	0	-1	0	0	0	0	0	0	0	-1	0	0	-1	0	1	1	0	-1	-1	0	0	0	0	0	-1	-1	0	-1	-1	1	-1	1	1	-1	0	-1	0	-1	0	1	1	0	0	-1	1	1	0	0	0	1	-1	0	0	-2	0	1	0	2	1	0	0	-1	0	2	2	1	0	0	0	0	1	-1	0	-1	1	0	1	-1	0	-1	1	0	0	1	0	-1	1	0	-1	2	-1	0	1	0	0	1	0	0	0	0	1	0	0	1	1	0	1	0	1	1	-1	1	1	1	0	1	-1	-1	0	1	0	0	0	-1	0	0	-1	-1	0	-1	1	0	0	-1	0	0
hsa-mir-3118-5		-1	0	0	-1	0	0	0	-1	0	1	0	0	-1	0	0	-1	0	1	0	0	1	0	1	0	0	0	-1	2	0	0	1	0	0	0	1	1	0	0	1	1	0	1	0	-1	0	-1	0	1	0	0	0	0	0	1	-1	1	-1	0	0	0	1	-1	0	0	0	0	1	0	1	0	0	0	0	-1	0	0	0	0	1	2	0	0	-1	1	-1	0	0	0	0	0	1	0	0	0	1	-1	-1	1	1	0	-1	0	-1	1	0	-1	1	-1	0	0	-1	0	1	1	1	0	-1	1	0	0	0	0	0	1	0	0	0	-1	0	0	0	-1	0	1	-1	0	0	1	1	0	0	1	0	1	1	0	-2	0	0	-1	-2	-1	0	-1	0	-1	1	1	-1	1	0	1	1	0	1	1	0	0	1	0	1	0	-1	1	1	1	1	-2	-1	2	-1	0	-1	-1	-1	-1	-1	0	0	-1	0	1	0	1	1	0	1	-1	0	-1	-1	0	0	1	0	-1
hsa-mir-3118-6		0	0	0	0	1	0	0	0	0	0	0	0	-2	0	0	0	0	0	0	0	1	0	-1	-1	0	0	1	1	0	-1	1	0	1	2	0	-1	0	-1	1	1	0	0	0	0	0	1	0	0	0	0	-1	-1	0	-1	0	-1	0	0	1	0	0	-1	-1	1	0	0	1	0	0	1	0	-1	0	0	0	0	0	0	0	-1	0	0	-1	0	1	1	0	-1	-1	0	0	0	0	0	-1	-1	0	-1	-1	1	-1	1	1	-1	0	-1	0	-1	0	1	1	0	0	-1	1	1	0	0	0	1	-1	0	0	-2	0	1	0	2	1	0	0	-1	0	2	2	1	0	0	0	0	1	-1	0	-1	1	0	1	-1	0	-1	1	0	0	1	0	-1	1	0	-1	2	-1	0	1	0	0	1	0	0	0	0	1	0	0	1	1	0	1	0	1	1	-1	1	1	1	0	1	-1	-1	0	1	0	0	0	-1	0	0	-1	-1	0	-1	1	0	0	-1	0	0
hsa-mir-3130-3		-1	0	0	-1	0	0	0	0	0	-1	0	0	0	0	0	-1	0	1	0	0	1	0	-1	0	0	0	0	-1	0	-1	0	0	0	0	-1	-1	1	1	1	1	0	0	0	1	0	-1	0	0	0	0	0	0	0	0	-1	-1	1	0	-1	0	-1	0	0	0	-1	0	0	0	-1	-1	0	0	0	1	0	0	0	1	0	0	0	0	-1	1	-1	0	0	-1	1	0	-1	-1	0	0	-1	-1	-2	-1	-1	-1	1	0	-1	0	0	0	0	-1	-1	-1	-1	-1	-1	0	1	-1	-1	-1	0	1	-1	0	0	0	0	0	-1	-1	0	0	0	-1	-1	-1	-1	0	0	-1	1	-1	0	-1	0	-1	0	-1	-1	0	-1	0	0	0	0	-1	0	-1	-1	0	0	-1	0	0	0	0	0	0	0	1	-1	0	0	0	0	1	0	0	0	0	-1	-1	-1	-1	1	-1	0	-1	0	-1	0	-1	0	-1	0	-1	-1	0	-1	-1	0	-1	-1	0	0	0	1	0
hsa-mir-3130-4		-1	0	0	-1	0	0	0	0	0	-1	0	0	0	0	0	-1	0	1	0	0	1	0	-1	0	0	0	0	-1	0	-1	0	0	0	0	-1	-1	1	1	1	1	0	0	0	1	0	-1	0	0	0	0	0	0	0	0	-1	-1	1	0	-1	0	-1	0	0	0	-1	0	0	0	-1	-1	0	0	0	1	0	0	0	1	0	0	0	0	-1	1	-1	0	0	-1	1	0	-1	-1	0	0	-1	-1	-2	-1	-1	-1	1	0	-1	0	0	0	0	-1	-1	-1	-1	-1	-1	0	1	-1	-1	-1	0	1	-1	0	0	0	0	0	-1	-1	0	0	0	-1	-1	-1	-1	0	0	-1	1	-1	0	-1	0	-1	0	-1	-1	0	-1	0	0	0	0	-1	0	-1	-1	0	0	-1	0	0	0	0	0	0	0	1	-1	0	0	0	0	1	0	0	0	0	-1	-1	-1	-1	1	-1	0	-1	0	-1	0	-1	0	-1	0	-1	-1	0	-1	-1	0	-1	-1	0	0	0	1	0
hsa-mir-3133		-1	0	-1	-1	0	0	0	-1	0	-1	0	0	-1	0	0	-1	0	-1	0	0	1	0	-1	0	0	0	-1	-1	0	-2	-1	0	0	0	-1	-1	1	1	1	1	0	-1	0	0	0	-1	0	0	0	0	0	0	0	-1	1	-1	-1	0	-2	0	-1	0	0	0	-2	-1	-1	0	-1	1	0	0	0	-1	0	0	0	1	0	-1	0	0	-1	-2	-1	0	0	-1	1	0	-1	-1	0	0	-1	-1	1	-1	-1	-1	1	-1	-2	-1	0	0	0	-1	-1	-1	-1	-2	-2	0	1	-1	-1	-1	0	1	-1	0	0	0	0	0	-1	-1	-1	0	0	-2	-1	-1	0	1	0	1	-1	-1	0	-1	0	-1	0	-1	-1	0	-1	-1	-1	0	0	-1	0	0	-1	-1	-1	-1	0	0	0	0	0	0	0	1	-2	0	0	0	-1	-1	0	0	0	-1	-1	-1	-1	-1	1	-1	0	-1	0	-1	2	-1	0	-2	0	-1	-1	-1	-1	0	-1	-2	-1	0	0	0	1	0
hsa-mir-3135		1	0	0	0	0	0	0	-1	0	-1	0	0	-1	-1	0	-1	0	-1	0	0	1	0	0	0	0	0	1	0	0	0	1	0	0	0	1	-1	1	-1	1	-1	0	0	0	1	0	1	0	0	0	0	1	1	0	0	-1	-1	0	0	0	1	0	0	0	0	0	0	1	0	0	1	-1	0	0	0	2	0	0	0	0	0	0	0	-1	1	2	0	0	1	0	0	0	0	-1	0	1	0	1	-1	0	1	1	-1	-1	0	0	-1	1	0	0	1	0	-1	-1	1	0	1	-1	-1	0	0	1	0	-1	0	0	-1	0	1	0	0	0	1	0	0	0	0	0	-1	1	0	0	-1	0	1	1	0	0	0	0	0	0	0	0	0	0	1	1	1	1	1	1	0	-1	0	0	1	0	0	0	0	-1	0	0	0	0	1	0	0	0	0	1	1	0	1	0	0	1	-1	0	1	-1	0	0	1	2	0	1	1	0	-1	0	0	-1	1	0	0
hsa-mir-3137		-1	0	1	-1	0	0	0	-1	0	1	0	0	-1	-1	0	1	0	-1	0	0	0	0	0	-1	0	0	1	0	0	0	0	0	0	0	1	1	1	0	-1	-1	0	-1	0	-1	0	1	0	0	0	0	0	-1	-1	0	-1	-1	0	0	1	1	0	-1	0	0	0	0	-1	0	0	-1	0	-1	0	-1	0	0	0	1	0	0	0	-1	-1	0	1	0	0	1	0	0	0	0	-1	0	1	1	1	1	-1	0	1	0	1	0	0	1	1	0	0	0	0	0	1	1	1	1	0	-1	-1	0	0	0	-1	-1	0	-1	0	-1	0	0	0	1	0	-1	0	0	0	1	-1	0	1	-1	0	-1	1	0	1	0	0	0	0	0	0	0	0	1	1	0	1	1	-1	1	-1	0	-1	-1	0	0	0	0	-1	0	0	1	0	-1	0	0	-1	1	1	0	1	0	0	0	1	-1	0	1	0	0	0	1	-1	0	1	-1	0	1	1	0	0	-1	0	-1
hsa-mir-3139		1	0	0	1	0	0	0	0	0	-1	0	0	-1	-1	0	1	0	1	0	0	0	0	-1	0	0	0	-1	1	0	0	1	0	0	0	1	-1	-1	0	0	1	0	-1	0	-1	0	0	0	-1	0	0	0	-1	0	0	1	1	0	0	0	0	-1	-1	0	0	-1	0	0	0	1	-1	0	0	0	-1	0	0	0	-1	0	1	1	0	1	-1	-1	-1	1	-1	0	2	0	0	0	0	0	-1	1	0	-1	-1	0	0	1	-1	0	-1	-1	-1	-1	2	1	1	-2	1	0	-1	-1	0	0	0	0	0	0	-1	0	0	0	-1	0	0	0	0	0	0	-1	0	0	-1	0	-1	0	-1	-1	1	-1	0	1	0	-1	2	0	0	0	-1	0	-1	-1	0	-1	-1	0	0	0	0	1	1	0	0	0	0	1	0	1	1	-1	1	0	1	2	0	1	-1	1	1	-1	1	-1	1	-1	-1	0	0	0	1	1	0	1	1	-1	0	0	0	0	0	1	1
hsa-mir-3144		-1	0	-1	2	0	0	0	-1	0	1	0	0	1	0	0	-1	0	2	0	0	1	0	1	0	0	0	-1	1	-1	0	-1	0	0	0	0	-1	1	0	1	1	1	0	0	1	0	2	0	0	0	0	0	1	0	0	1	-1	0	0	-1	0	1	-1	0	0	0	0	-1	0	0	-1	0	0	-1	0	0	0	-1	-1	0	0	0	0	1	1	-1	2	0	-1	-1	0	-1	0	0	0	1	0	-1	1	-1	0	1	0	1	0	1	0	1	-1	0	-1	-1	1	-1	-1	0	0	0	1	0	0	0	0	0	0	0	1	0	-1	0	0	0	1	0	-1	-1	1	0	-1	-1	0	0	1	0	1	-1	0	1	0	1	-1	0	-1	0	0	0	-1	-1	-1	1	0	1	0	1	0	1	-1	0	0	0	0	1	0	-1	-1	0	1	-1	-1	1	-1	-1	1	-1	0	0	0	-1	0	-1	1	0	1	-1	-1	1	0	-1	-1	0	-1	1	-1	0	1	0	-1
hsa-mir-3149		-1	1	1	0	0	2	0	2	0	1	0	0	0	0	0	1	0	-1	0	0	1	0	-1	-1	1	0	0	1	0	0	1	0	0	0	-1	1	2	1	1	-1	1	0	0	1	0	-1	0	0	0	0	0	0	0	0	0	-1	-1	0	1	1	1	2	0	0	0	0	1	0	1	-1	1	0	0	0	0	0	0	1	0	1	0	0	-1	1	1	1	1	1	-1	0	1	0	0	0	-1	1	1	-1	1	-1	1	0	0	0	2	0	0	-1	0	1	1	-1	-1	1	1	1	0	1	-1	0	0	0	0	1	1	-1	0	0	0	0	0	0	0	1	1	0	0	1	1	0	1	-1	0	-1	1	0	-1	0	0	0	0	0	0	1	0	-1	1	0	1	-1	0	1	2	0	-1	1	1	1	1	0	1	0	-1	0	1	1	2	1	1	2	1	0	1	-1	0	1	1	0	0	-1	0	1	0	1	1	-1	1	1	0	0	1	0	0	-1	0	1
hsa-mir-3150		-1	1	1	-1	0	-2	0	1	0	1	0	0	1	0	0	1	1	-1	0	0	1	0	1	2	1	0	0	1	0	0	1	0	0	0	1	1	2	1	1	-1	1	0	0	1	0	-1	0	0	0	0	0	0	0	0	0	1	0	0	1	1	1	2	0	0	0	0	1	0	1	-1	1	0	0	0	0	0	0	1	0	2	0	0	-1	1	-1	1	1	1	-1	0	1	0	0	0	0	1	0	0	1	-1	1	-1	0	-1	1	0	1	-1	0	1	1	1	-1	1	1	1	0	1	-1	0	0	0	0	1	1	-1	-1	0	0	0	0	0	0	0	1	0	0	1	1	0	1	-1	0	-1	1	0	-1	0	0	0	-1	0	0	1	0	-1	1	0	1	-1	0	1	-1	0	-1	1	1	1	1	0	1	0	-1	0	1	1	1	0	1	2	1	1	1	-1	0	1	1	0	0	-1	0	1	0	1	1	-1	1	1	0	-1	1	0	0	-1	0	1
hsa-mir-3155		-1	0	0	0	0	0	0	1	0	-1	0	0	-1	-1	0	1	0	-1	0	0	-1	0	-1	0	-1	-1	-1	-1	0	-1	0	-1	0	-1	0	-1	0	1	0	1	1	0	0	-1	0	-1	0	0	0	0	0	1	0	-1	0	0	1	0	2	1	0	-1	0	0	-1	-1	-1	0	-1	0	0	0	-1	-1	0	-1	-1	-1	-1	0	0	0	-1	-1	-1	-1	-1	0	0	-1	-1	-1	0	0	-1	-1	-1	1	1	0	-1	-1	-1	-1	0	-1	1	-1	0	-1	0	1	-1	1	-1	1	-1	0	0	0	0	0	-1	1	0	0	-1	-1	0	0	0	-1	0	-1	-1	-1	-1	-1	-1	0	-1	-1	0	-1	-1	0	-1	0	-1	-1	-1	-1	0	-1	0	0	0	-1	2	-1	0	-1	-1	-1	1	-1	0	-1	-1	-1	-1	0	-1	-1	-1	-1	-1	0	1	-1	-1	-1	-1	-1	-1	0	-1	-1	-1	-1	0	0	0	1	-1	0	-1	-1	-1	1	-1	-1	0	-1	1	1
hsa-mir-3159		0	0	0	1	0	0	0	0	0	1	0	0	-1	0	-1	1	0	1	0	0	-1	0	2	-1	0	0	1	0	0	-1	-1	0	0	0	-1	-1	1	2	-1	-1	-1	0	0	-1	0	-1	1	0	-1	0	-1	-1	0	-1	-1	-1	0	0	-1	0	-1	0	0	0	-1	-1	-1	0	0	-1	-1	-1	-1	0	0	0	0	0	0	0	0	0	-1	-1	1	0	0	1	-1	0	-1	0	0	0	1	1	1	-1	-1	-1	-1	0	-1	-1	0	0	0	0	0	0	0	-1	-1	-1	0	0	0	-1	2	0	0	-1	0	0	0	0	-1	0	-1	0	0	-1	0	-1	-1	-1	-1	1	0	0	0	1	0	-1	-1	0	0	0	-1	0	0	-1	0	-1	0	-1	-1	0	0	1	-1	0	2	0	0	0	0	-1	0	0	-1	0	-1	0	0	0	0	1	-1	-1	0	-1	-1	0	-1	-1	-1	-1	0	0	0	-1	-1	-1	0	0	-1	-1	0	0	1	0	0	1	0	-1
hsa-mir-3161		0	0	0	1	0	0	0	-1	0	0	0	0	0	0	0	1	0	1	0	0	0	0	-1	-1	0	0	1	-1	0	0	-1	0	0	0	-1	-1	1	-1	-1	-1	-1	0	0	-1	0	0	1	0	-1	0	-1	2	0	0	-1	1	0	0	0	0	-1	0	0	0	-1	0	-1	0	0	-1	0	-1	-1	0	0	0	0	0	0	0	0	0	-1	-1	1	1	0	1	-1	0	-1	0	0	0	1	1	1	-1	0	-1	0	0	-1	1	0	0	0	0	0	0	0	0	-1	1	0	-1	-1	-1	-1	0	0	-1	0	0	0	0	0	0	-1	0	0	-1	0	1	-1	1	0	-1	-1	0	0	-1	0	1	-1	0	0	0	-1	0	0	-1	0	-1	0	-1	-1	0	0	1	0	0	1	0	-1	0	0	-1	0	0	-1	0	-1	0	0	0	1	1	1	-1	0	1	-1	-1	-1	-1	-1	-1	0	0	0	-1	0	-1	0	0	-1	-1	0	1	1	0	0	1	0	0
hsa-mir-3163		0	0	0	-1	0	0	0	-1	0	0	0	0	0	0	1	-1	0	1	0	0	0	0	1	-1	0	0	1	-1	0	-1	-1	0	-1	0	-1	-1	2	-1	-1	-1	-1	0	0	-1	0	0	1	0	-1	-1	0	2	0	0	-1	1	0	0	0	0	0	0	0	0	-1	0	-1	0	0	1	0	0	0	0	0	0	0	0	0	0	0	0	0	-1	1	1	0	1	-1	0	-1	0	0	0	-1	1	1	-1	0	-1	2	0	-1	0	0	0	2	0	0	0	1	-1	-1	1	1	-1	0	-1	-1	0	0	-1	0	-1	0	0	0	-1	0	0	0	-1	0	1	-1	-1	0	-1	-1	0	0	0	0	-1	0	0	0	0	-1	0	0	0	0	-1	2	0	-1	0	-1	1	-1	0	1	0	0	0	0	0	1	0	0	0	0	0	0	0	1	1	1	-1	0	0	1	-1	-1	0	1	-1	0	1	0	-1	-1	-1	-1	0	1	0	0	-1	1	0	0	-1	0	0
hsa-mir-3164		0	0	0	-1	0	0	0	-1	0	0	0	0	0	0	-1	-1	0	1	0	0	0	0	1	-1	0	0	1	-1	0	-2	-1	0	-1	0	-1	-1	2	-1	-1	-1	-1	2	0	-1	0	0	1	0	-1	2	0	2	0	0	-1	1	0	0	0	0	0	0	0	0	-1	0	-1	0	0	1	0	0	0	0	0	0	0	-1	0	0	0	0	0	-1	1	1	0	1	-1	0	-1	0	0	0	-1	1	1	-1	0	-1	2	0	-1	0	0	0	1	0	0	0	-1	-1	-1	1	1	-1	0	-1	-1	0	0	-1	0	-1	0	0	0	-1	0	0	0	-1	0	1	-1	-1	0	1	-1	0	0	0	0	-1	0	0	0	0	-1	0	0	0	0	-1	2	1	-1	0	-1	1	-1	0	1	0	0	0	0	0	0	0	0	0	0	0	-1	0	1	1	1	-1	0	-1	-1	-1	-1	1	1	-1	0	-1	0	-1	-1	-1	-1	0	1	1	0	-1	1	0	0	-1	0	0
hsa-mir-3166		0	0	0	-1	0	0	0	-1	0	-1	0	0	-1	-1	-1	-1	0	-1	0	0	-1	0	1	-1	0	0	-1	-1	0	-1	-1	0	-1	0	0	-1	-1	-1	-1	-1	-1	0	0	-1	0	0	1	0	-1	-1	0	2	0	0	-1	1	-1	0	0	0	0	0	0	0	-1	0	0	0	1	1	1	0	0	-1	-1	0	0	-1	0	-1	0	0	1	-1	1	1	0	1	-1	0	-1	0	0	0	-1	1	1	1	0	-1	0	-1	-1	0	0	1	0	-1	0	0	-1	-1	-1	1	1	0	-1	-1	0	-1	0	-1	0	-1	0	-1	0	1	0	0	0	-1	-1	-1	1	-1	0	1	-1	1	0	1	0	-1	0	0	0	0	-1	0	0	0	0	-1	1	0	-1	0	-1	1	0	-1	1	0	0	0	0	-1	0	0	0	0	0	0	-1	0	1	1	-1	-1	0	-1	-1	-1	-1	-1	-1	-1	0	-1	0	-1	-1	-1	-1	0	1	-1	0	-2	-1	0	0	-1	0	0
hsa-mir-3168		-1	-1	1	-1	0	0	0	-1	0	-1	0	0	0	0	0	-1	0	-2	0	0	0	0	-1	0	0	-1	-1	-1	-1	1	1	-1	-1	-1	-1	-1	-1	-1	0	-1	-1	-1	0	-1	0	-1	0	0	-1	0	-1	-1	0	0	2	-1	0	0	-1	0	-1	0	0	0	-1	-1	-1	-1	-1	-1	0	-1	-2	0	-1	-1	0	-1	-1	-1	-1	0	-1	-1	-1	-1	-1	-1	0	-1	-1	-1	0	0	-1	-1	-1	-1	-1	1	-1	-1	-1	-1	0	-2	-1	-1	0	-1	-1	-1	-1	-1	0	-1	0	-1	0	0	0	-1	0	-1	-1	-1	-1	-1	0	0	0	1	-1	-1	1	-1	-1	-1	0	0	0	-1	-1	-1	-1	0	-1	-1	-1	-1	0	-1	0	-1	0	-1	-1	-1	-1	1	-1	-1	-1	-1	0	1	0	-1	-1	-1	-1	0	-1	-1	-1	-1	-1	-1	-1	0	-1	-1	-1	-1	-1	-1	-1	-1	-1	0	0	-1	-1	-1	1	0	1	-1	-1	0	-1	-1	0	-1	1	0
hsa-mir-3171		-1	0	0	-1	0	0	0	-1	0	-1	0	0	-1	0	0	-1	0	2	0	0	1	0	1	0	-1	0	1	1	0	0	-1	0	0	0	2	-1	1	-1	-1	1	0	1	0	-1	0	0	1	0	0	0	0	-1	-1	1	-1	-1	-1	0	1	0	1	0	0	0	0	0	1	0	0	1	0	-1	-1	0	-1	0	0	1	0	0	0	0	1	-1	1	1	0	1	1	1	0	0	0	0	1	0	1	1	2	-1	-1	1	-1	-1	0	-1	1	0	0	-1	1	0	2	0	0	1	-1	-1	0	0	0	0	0	-1	-1	0	0	-1	-1	0	0	1	0	1	0	1	0	-1	1	0	0	1	0	1	1	0	-1	-1	0	0	0	0	0	0	-1	1	-1	0	-1	1	0	-1	1	0	0	1	0	0	0	0	0	0	0	2	-1	1	1	1	0	1	1	1	-1	-1	0	-1	1	-1	0	1	0	0	0	1	0	1	1	1	0	-1	1	-1	0	1	0	1
hsa-mir-3172		-1	0	0	-1	0	0	0	-1	0	-1	0	0	0	0	0	-1	0	1	0	0	1	0	1	0	-1	0	1	1	0	0	-1	0	0	0	2	-1	1	-1	-1	1	0	1	0	-1	0	0	1	0	0	0	0	-1	-1	1	-1	-1	-1	0	1	0	1	0	0	0	0	0	1	0	0	1	0	-1	-1	0	-1	0	0	1	0	0	0	0	1	-1	1	1	0	1	1	1	0	0	0	0	1	0	1	1	2	-1	1	1	-1	-1	0	-1	1	0	0	-1	1	0	2	0	0	2	-1	-1	0	0	0	0	0	-1	-1	0	0	1	0	0	0	1	0	1	1	1	0	-1	1	0	0	1	0	1	1	0	-1	-1	0	0	0	0	0	0	-1	1	-1	0	-1	1	0	-1	1	0	0	1	0	0	0	0	0	0	0	2	-1	1	1	1	0	1	1	-1	-1	-1	0	-1	1	-1	0	1	0	0	0	1	0	1	2	1	0	-1	1	-1	0	1	0	1
hsa-mir-3174		-1	0	0	1	1	0	0	0	0	1	0	0	0	0	0	0	0	0	0	0	1	0	-1	2	0	1	1	1	0	-1	1	0	1	0	0	2	0	-1	1	1	0	0	0	0	0	1	0	1	0	0	-1	-1	0	0	0	-1	0	0	2	0	1	-1	-1	1	0	0	2	0	0	1	0	0	0	-1	0	0	0	1	0	-1	0	0	1	-1	1	1	0	0	2	0	0	0	0	0	-1	-1	0	-1	-1	-1	1	0	1	-1	1	-1	0	1	0	1	1	-1	0	-2	1	1	0	1	0	-1	-1	0	0	-1	0	1	1	-1	-1	0	0	-1	0	-1	1	1	0	0	0	0	1	1	0	1	1	0	1	0	0	-1	1	0	0	1	0	0	-1	0	-1	2	0	0	1	0	1	1	0	0	0	0	1	0	2	1	1	0	1	1	1	1	1	0	1	1	0	0	0	-1	0	1	0	-1	0	-1	1	-1	1	1	0	0	1	0	0	1	0	1
hsa-mir-3181		-1	1	0	-1	0	0	0	0	0	0	0	0	0	-1	0	1	0	-1	0	0	1	0	-1	-1	0	0	-1	1	-1	0	1	-1	-1	0	-1	-1	-1	-1	1	-1	0	0	0	-1	0	-1	0	0	-1	0	0	-1	0	0	-1	-1	-1	0	-1	0	-1	-1	0	-1	-1	0	-1	0	-1	-1	0	-1	-1	-1	0	0	0	-1	-1	-1	-1	0	1	-1	-1	-1	0	1	1	0	-1	0	-1	0	-1	0	-1	-1	-1	0	-1	-1	-1	-2	0	-1	1	-1	0	-1	-1	-1	1	-2	-1	-1	0	0	0	0	0	0	0	0	-1	0	-1	-1	-1	-1	0	-1	0	-1	-1	-1	2	-1	0	-1	-1	-1	-1	-1	-1	-1	1	-1	1	-1	-1	-1	0	0	-1	-1	1	-1	-1	-1	-1	-1	-1	0	0	-1	0	-1	-2	0	-1	0	-1	-1	-1	-1	-1	0	-1	1	-1	-1	-1	-1	-1	0	-1	-1	0	-1	0	-1	-1	0	1	-1	-1	0	-1	-1	-1	-1	0	-1	0	-1
hsa-mir-3195		1	0	1	1	0	0	0	-1	0	0	0	0	1	0	0	0	0	1	0	0	1	0	1	0	0	0	1	1	0	0	-1	0	0	0	0	1	1	1	1	1	1	1	0	1	0	1	0	1	0	0	-1	0	0	1	1	1	1	0	-1	0	1	1	0	0	0	0	0	0	1	0	1	0	1	0	0	0	0	0	1	-1	0	0	1	1	1	1	1	1	2	1	0	0	0	0	1	1	-1	1	1	0	1	0	1	-1	1	0	1	2	0	1	1	-1	1	1	-1	-1	0	1	0	0	0	0	0	0	1	1	0	1	1	0	0	1	0	2	-1	-1	0	1	1	0	1	2	0	-1	0	0	1	0	0	1	0	0	0	1	0	1	1	0	0	1	1	1	1	0	0	0	0	0	1	0	1	0	0	1	1	-1	0	1	-1	-1	1	1	1	2	0	1	1	1	-1	-1	0	-1	0	0	0	-1	2	1	0	0	1	0	0	-1	0	-1
hsa-mir-3198		0	1	1	0	0	0	2	-1	0	1	0	0	0	2	0	-1	1	-1	0	0	1	0	-1	-1	0	0	-1	-1	1	0	1	0	0	0	0	-1	-1	1	-1	1	0	-1	0	0	-1	-1	0	-1	0	0	-1	-1	0	-1	0	1	0	0	1	0	-1	1	0	0	0	0	0	0	1	-1	0	0	1	-1	0	0	0	-1	1	1	0	0	1	-1	0	1	1	0	1	0	0	0	0	0	-1	-1	1	-1	-1	0	-1	1	1	1	0	0	1	-1	-1	2	1	-1	1	1	1	-1	2	0	0	0	-1	0	0	-1	0	1	-1	1	-1	0	0	1	0	1	1	1	0	-1	1	-1	1	1	0	-1	-1	0	-1	0	-1	1	1	0	0	0	0	1	0	0	1	-1	1	-1	1	0	0	1	0	0	-1	0	1	0	-1	1	1	1	1	-1	1	-1	1	1	1	-1	-1	-1	1	-1	0	-1	0	0	0	1	1	-1	-1	0	0	-1	0	0	-1	-1	-1	-1
hsa-mir-323		-1	0	0	0	0	0	0	0	0	1	0	0	-1	0	0	-1	0	1	0	0	1	0	1	0	-1	0	1	1	0	-1	1	0	0	0	-1	1	1	-1	-1	1	-1	1	0	-1	0	-1	1	2	0	0	0	-1	-1	1	-1	1	0	0	1	0	1	0	0	0	0	-1	1	0	0	1	1	-1	-1	0	-1	-1	0	1	0	0	0	0	1	0	1	1	-1	1	1	1	0	0	0	0	1	1	1	0	-1	-1	-1	-1	-1	1	1	-1	1	0	0	-1	1	2	2	0	0	1	-1	-1	0	0	0	0	0	-1	-1	0	0	0	-1	-1	0	1	-1	1	-1	1	0	-1	0	-1	0	-1	0	0	1	-1	-1	-1	-1	-1	0	0	0	0	0	1	-1	0	-1	1	0	-1	0	0	0	1	0	0	0	0	0	0	0	0	-1	1	1	0	0	1	1	0	-1	-1	0	-1	1	-1	0	1	0	1	0	1	-1	0	-1	1	0	-1	1	0	0	1	0	1
hsa-mir-325		1	0	1	-2	0	0	0	-1	0	0	0	0	-1	-1	0	1	0	0	0	0	1	0	1	-2	0	0	0	1	-1	-1	-1	-1	-1	-1	0	0	1	0	0	-1	1	1	0	0	0	1	-1	0	-1	0	-1	0	0	1	-1	1	0	0	0	1	-1	-1	0	-1	-1	-1	-1	-1	-1	-1	0	-1	-1	-1	-1	-1	-1	-1	-1	-1	1	0	-1	1	1	1	0	1	0	0	-1	-1	-1	0	0	0	-1	-1	-1	-1	-1	1	0	0	1	-1	0	0	1	0	1	-1	0	1	1	0	-1	2	0	0	0	0	-1	-1	0	0	-1	2	-1	0	0	-1	-1	-1	1	-1	-1	0	-1	-1	1	-1	-1	0	-1	1	-1	-1	-1	-1	-2	-1	0	-1	-1	-2	-1	0	1	0	-1	-1	1	-1	0	-1	0	0	0	0	0	-1	-1	-2	0	1	-1	-1	2	1	-1	1	0	1	-1	-1	-1	-1	0	1	0	2	-1	0	-1	-1	1	1	-1	-1	0	-1	0	-1	1	0
hsa-mir-342		-1	0	0	0	0	0	0	0	0	1	0	0	-1	0	0	-1	0	1	0	0	1	0	1	0	-1	0	1	1	0	-1	1	0	0	0	-1	1	1	-1	-1	1	-1	1	0	-1	0	-1	1	0	0	0	0	-1	-1	1	-1	1	0	0	1	0	1	0	0	0	0	-1	1	0	0	1	1	-1	-1	0	-1	-1	0	1	0	0	0	0	1	0	1	1	-1	1	1	1	0	0	0	0	1	1	1	0	-1	-1	-1	-1	-1	1	1	-1	1	0	0	-1	1	2	2	0	0	1	-1	-1	0	0	0	0	0	-1	-1	0	0	0	-1	-1	0	1	-1	1	-1	1	0	-1	0	-1	0	-1	0	0	1	-1	-1	-1	-1	-1	0	0	0	0	0	1	-1	0	-1	1	-1	-1	0	0	0	1	0	0	0	0	0	0	0	0	-1	1	1	0	0	1	1	0	-1	-1	0	-1	1	-1	0	1	0	1	0	1	-1	0	-1	1	0	-1	1	0	0	1	0	1
hsa-mir-361		1	0	1	2	0	0	0	-1	0	0	0	0	-1	-1	0	-1	0	0	0	0	1	0	-1	-2	0	-1	0	1	-1	-1	-1	-1	-1	-1	0	0	1	0	0	-1	1	1	0	-1	0	1	-1	0	-1	0	-1	0	0	-1	2	1	-1	0	0	1	-1	-1	0	-1	-1	-1	-1	-1	-1	-1	0	-1	-1	-1	-1	-1	-1	-1	-1	-1	1	0	-1	-1	1	-1	-1	1	0	0	-1	-1	-1	0	0	0	-1	1	-1	1	-1	-1	0	0	1	-1	0	-1	-1	0	1	-1	0	1	-1	0	-1	2	0	0	0	0	-1	-1	0	0	-1	-1	-1	0	0	-1	-1	-1	-1	-1	-1	0	-1	-1	1	1	-1	-1	-1	1	-1	-1	-1	-1	1	-1	0	-1	-1	-1	-1	0	1	0	-1	-1	1	-1	0	-1	0	0	-1	0	0	-1	2	-2	0	1	-1	-1	0	1	-1	0	-1	1	-1	-1	-1	-1	0	-1	0	-1	-1	0	-1	-1	1	1	-1	-2	0	-1	0	-1	1	0
hsa-mir-365-1		1	1	0	-1	0	0	0	0	0	0	0	0	1	0	0	1	0	1	0	0	0	0	1	0	0	0	-1	1	0	0	1	1	0	0	0	1	0	1	1	1	0	0	0	-1	0	1	0	0	1	0	0	-1	0	0	0	0	2	0	-1	0	1	-1	0	0	0	0	-1	0	0	1	0	-1	1	0	0	0	0	1	0	-1	0	0	0	1	0	0	0	1	1	0	0	0	0	0	1	1	-1	1	1	0	-1	0	-1	-1	0	-1	1	0	2	1	1	-1	-1	-1	1	-1	-1	0	0	0	-1	0	0	1	0	0	0	-1	1	0	0	1	0	-1	-1	1	0	-1	1	1	0	1	0	-1	1	0	-1	0	1	1	-1	1	0	0	0	-1	1	0	-1	-1	0	1	-1	0	0	1	0	1	-1	0	0	0	0	1	1	0	-1	-1	1	1	-1	0	-1	1	-1	-1	-1	-1	0	1	0	-1	0	-1	1	1	1	-1	1	1	-1	1	0	1	0	-1
hsa-mir-365-2		-1	0	0	0	0	0	0	-1	0	-1	0	0	1	0	0	-1	0	0	0	0	-1	0	-1	-1	0	0	1	1	0	0	-1	0	0	0	1	-1	-1	0	1	0	-1	0	0	-1	0	-1	0	0	-1	0	0	-1	0	-1	0	-1	0	0	0	0	-1	-1	0	0	-1	0	-1	0	1	-1	0	0	0	0	0	0	0	0	0	-1	0	0	-1	-1	-1	0	1	-1	-1	0	0	0	0	0	-1	-1	-1	-1	-1	1	1	0	-1	1	0	-1	-1	0	0	0	1	-1	0	-2	-1	1	-1	-1	0	1	-1	0	0	0	0	0	1	-1	1	0	0	-1	0	1	-1	1	0	1	0	0	0	-1	0	-1	-1	0	1	0	1	0	-1	0	0	-1	0	0	0	0	1	1	-1	-1	1	0	-1	0	0	1	-1	0	1	0	0	-1	-1	0	-1	0	-1	-2	1	-1	1	1	-1	-1	1	0	0	1	0	-1	0	-1	0	0	1	-1	0	1	1	0	0	1	0	-1
hsa-mir-367		0	0	-1	1	0	0	0	0	0	-1	0	0	-1	-1	0	-1	0	1	0	0	0	0	-1	0	0	0	-1	-1	0	0	1	0	0	0	1	-1	-1	0	0	-1	0	1	0	-1	0	0	0	-1	0	0	-1	-1	0	0	1	1	1	0	0	0	-1	-1	0	0	-1	0	1	0	1	-1	0	0	0	-1	0	0	0	-1	0	1	1	0	1	-1	-1	-1	1	-1	0	1	0	0	0	0	0	-1	0	0	1	-1	2	0	1	-1	0	-1	-1	-1	-1	2	1	1	1	-1	0	-1	-1	0	0	0	0	0	0	-1	0	0	0	-1	0	0	0	0	0	-1	-1	0	0	-1	0	-1	0	-1	-1	-1	-1	0	1	0	-1	2	0	0	0	-1	0	-1	0	0	-1	-1	0	0	1	0	1	1	0	-1	0	0	1	0	1	1	-1	1	0	1	1	0	0	-1	1	1	-1	1	1	1	-1	-1	0	0	0	1	-1	0	1	1	-1	0	0	0	0	0	1	1
hsa-mir-369		-1	0	0	0	0	0	0	0	0	1	0	0	-1	0	0	-1	0	1	0	0	1	0	1	0	-1	0	1	1	0	-1	1	0	0	0	-1	1	1	-1	-1	1	-1	1	0	-1	0	-1	1	2	0	0	0	-1	-1	1	-1	1	0	0	1	0	1	0	0	0	0	-1	1	0	0	1	1	-1	-1	0	-1	-1	0	1	0	0	0	0	1	0	1	1	-1	1	1	1	0	0	0	0	1	1	1	0	-1	-1	-1	-1	-1	1	1	-1	1	0	0	-1	1	2	2	0	0	1	-1	-1	0	0	0	0	0	-1	-1	0	0	0	-1	-1	0	1	-1	1	-1	1	0	-1	0	-1	0	-1	0	0	1	-1	-1	-1	-1	-1	0	0	0	0	0	1	-1	0	-1	1	0	-1	0	0	0	1	0	0	0	0	0	0	0	0	-1	1	1	0	0	1	1	0	-1	-1	0	-1	1	-1	0	1	0	1	0	1	-1	0	-1	1	0	-1	1	0	0	1	0	1
hsa-mir-370		-1	0	0	0	0	0	0	0	0	1	0	0	-1	0	0	-1	0	1	0	0	1	0	1	0	-1	0	1	1	0	-1	1	0	0	0	-1	1	1	-1	-1	1	-1	1	0	-1	0	-1	1	2	0	0	0	-1	-1	1	-1	1	0	0	1	0	1	0	0	0	0	-1	1	0	0	1	1	-1	-1	0	-1	-1	0	1	0	0	0	0	1	0	1	1	-1	1	1	1	0	0	0	0	1	1	1	0	-1	-1	-1	-1	-1	1	1	-1	1	0	0	-1	1	2	2	0	0	1	-1	-1	0	0	0	0	0	-1	-1	0	0	0	-1	-1	0	1	-1	1	-1	1	0	-1	0	-1	0	-1	0	0	1	-1	-1	-1	-1	-1	0	0	0	0	0	1	-1	0	-1	1	0	-1	0	0	0	1	0	0	0	0	0	0	0	0	-1	1	1	0	0	1	1	0	-1	-1	0	-1	1	-1	0	1	0	1	0	1	-1	0	-1	1	0	-1	1	0	0	1	0	1
hsa-mir-371		-1	0	0	-1	0	0	0	0	0	1	0	0	-1	0	0	-1	0	0	0	0	0	0	1	-1	0	-1	1	1	-1	0	-1	0	-1	-1	0	1	-1	1	-1	1	0	1	0	-1	0	0	0	0	-1	0	0	-1	0	0	0	1	0	0	1	0	1	0	0	0	-1	0	0	0	0	0	0	0	-1	0	-1	-1	-1	-1	0	0	0	0	1	1	0	1	-1	-1	1	-1	-1	-1	0	0	-1	0	1	-1	0	-1	-1	1	-1	1	1	0	1	-1	0	0	-1	0	1	-1	1	-1	0	1	-1	0	-1	0	0	1	0	-1	-1	-1	-1	-1	0	-1	0	-1	0	-1	-1	-1	-1	0	1	1	0	1	0	0	0	-1	-1	0	-1	-1	0	0	-1	1	-1	0	-1	1	-2	-1	-1	0	-1	1	0	0	0	-1	0	0	-1	1	-1	1	-1	-1	-1	-1	-1	0	-1	-1	-1	-1	1	-1	1	1	0	-1	0	-1	1	1	1	1	-1	-1	1	0	0	0	0	-1
hsa-mir-378		0	1	0	0	0	2	0	0	0	0	0	0	0	0	0	1	0	1	0	0	0	0	0	0	0	1	1	1	0	0	0	0	0	0	1	-1	-1	0	-1	1	0	1	0	1	0	1	0	0	0	0	0	0	0	0	-1	1	0	0	0	1	1	-1	0	0	1	0	1	0	0	1	0	0	1	0	0	0	0	0	0	0	0	0	1	-1	1	1	0	-1	1	1	0	0	0	0	-1	0	-1	-1	1	0	0	1	1	1	1	0	-1	-1	0	-1	0	0	1	-2	-1	-1	0	1	0	0	1	0	0	-1	0	0	0	0	0	0	0	-1	-1	2	0	1	0	1	1	-1	1	1	0	-1	-1	0	1	0	0	0	0	0	0	1	-1	-1	-1	0	-1	1	0	0	1	0	0	1	0	1	1	0	0	0	0	1	0	-1	1	0	-1	1	-1	0	1	-1	0	-1	-1	0	1	1	0	0	0	-1	1	0	-1	1	-1	0	-1	-1	0	0	0	0
hsa-mir-378b		1	0	0	2	0	0	0	-1	0	-1	0	0	-1	0	0	-1	0	-1	0	0	1	0	0	0	0	0	1	0	0	0	1	0	0	0	1	-1	1	-1	1	-1	0	0	0	1	0	1	0	0	0	0	-1	1	0	0	-1	-1	0	0	1	1	0	0	0	0	0	0	1	0	0	0	-1	0	0	0	2	0	0	0	0	0	0	0	1	1	2	-1	0	-1	0	0	0	0	-1	0	1	0	1	-1	0	1	1	-1	1	0	0	-1	1	0	0	1	1	-1	-1	1	-1	1	-1	-1	0	0	1	0	-1	0	0	-1	0	1	0	0	0	1	0	-1	1	0	0	-1	1	0	0	-1	0	1	1	0	0	0	0	0	0	0	0	0	0	1	1	1	1	1	2	0	-1	0	2	1	0	-1	0	0	-1	0	0	0	0	1	0	0	0	0	1	1	0	1	0	0	1	-1	0	1	-1	0	0	1	2	0	1	1	0	1	0	0	-1	1	0	0
hsa-mir-422a		-1	0	0	0	1	0	0	0	0	0	0	0	-1	0	0	0	0	0	0	0	1	0	-1	2	0	1	1	1	0	-1	1	0	1	0	0	-1	-1	-1	1	0	0	0	0	0	0	1	0	1	0	0	-1	-1	0	0	0	-1	0	0	1	0	1	-1	-1	1	0	0	1	0	0	1	0	0	0	-1	0	0	0	0	0	-1	0	0	-1	0	1	1	0	0	1	0	0	0	0	0	1	-1	0	1	-1	0	1	-1	1	-1	2	-1	0	-1	0	1	1	-1	0	1	1	1	0	1	0	-1	-1	0	0	-1	0	-1	0	1	-1	0	0	-1	0	-1	1	1	0	-1	0	0	1	1	0	1	1	0	-1	0	0	-1	1	0	0	1	0	0	-1	0	-1	1	0	0	1	0	0	1	0	0	0	0	1	0	0	1	1	0	1	-1	1	1	1	0	1	1	0	0	1	-1	0	1	0	-1	0	-1	1	0	1	0	1	-1	1	0	0	-1	0	1
hsa-mir-4259		1	0	1	2	0	0	0	0	0	1	0	0	1	2	0	1	2	1	0	0	1	0	2	-1	1	0	0	1	0	0	1	0	0	0	0	1	-1	2	0	-1	-1	0	0	0	0	-1	2	0	-1	0	1	1	0	0	0	1	-1	0	1	0	1	0	0	0	1	0	1	0	1	0	1	1	0	1	0	0	0	-1	0	-1	0	0	1	1	-1	0	0	-1	-1	0	0	0	0	0	-1	-1	2	1	1	0	1	0	1	1	0	0	0	0	0	-1	1	1	-1	1	-1	1	0	1	0	1	1	0	0	-1	0	0	0	1	1	0	1	1	1	-1	1	0	0	1	1	1	1	0	0	1	1	0	1	0	2	0	0	0	0	1	1	1	1	1	1	-1	1	1	1	0	2	0	0	0	1	0	0	1	0	1	1	-1	1	1	2	1	1	0	-1	1	0	-1	1	1	0	1	0	1	0	1	1	0	-1	1	0	1	0	0	0	1	0	-1
hsa-mir-4286		-1	1	0	0	0	0	0	0	0	1	0	0	1	-1	0	-1	0	1	0	0	-1	0	1	-1	0	0	-1	-1	0	-1	0	0	0	0	1	1	-1	1	-1	-1	-1	0	0	1	0	-1	0	0	0	0	-1	-1	0	-1	-1	-1	-1	0	-1	1	1	-1	-1	0	0	0	1	-1	-1	0	0	0	0	-1	0	0	0	1	0	0	0	0	1	1	-1	0	1	-1	2	0	1	0	0	0	-1	-1	1	0	-1	1	2	0	1	0	1	0	-1	-1	0	-1	0	-1	-1	-2	-1	-1	-1	-1	0	0	0	0	0	-1	1	-1	-1	1	0	0	0	1	-1	-1	-1	0	0	-1	1	0	1	-1	0	-1	0	0	-1	0	1	-1	0	0	0	1	0	-1	0	0	0	1	-1	0	0	0	-1	1	1	1	1	0	1	0	0	0	0	-1	1	0	1	-1	1	-1	1	1	0	-1	1	0	0	-1	0	1	0	1	0	0	-1	-1	0	0	1	0	0	1	0	-1
hsa-mir-4293		-1	0	0	0	0	0	0	0	0	-1	0	0	-1	0	0	1	0	-1	0	0	-1	0	-1	0	-1	-1	-1	-1	0	-1	0	-1	0	-1	0	-1	0	1	-1	-1	1	0	0	-1	0	-1	0	0	0	0	0	1	0	-1	0	0	1	0	2	1	0	-1	0	0	-1	-1	-1	0	-1	0	0	0	-1	-1	0	-1	-1	-1	-1	0	0	0	-1	-1	-1	-1	-1	0	0	-1	-1	0	0	0	-1	-1	-1	1	1	0	-1	-1	-1	-1	0	-1	1	-1	0	-1	-1	1	-1	1	-1	1	-1	0	0	0	0	0	-1	-1	0	0	-1	-1	0	-1	0	-1	0	-1	-1	-1	-1	-1	-1	0	-1	-1	0	-1	-1	0	-1	0	-1	-1	-1	-1	0	-1	0	0	-1	0	0	-1	-1	-1	-1	-1	1	-1	0	-1	-1	-1	-1	0	-1	-1	-1	-1	-1	0	1	-1	-1	0	-1	-1	-1	0	-1	-1	-1	-1	0	1	0	1	-1	0	-1	-1	-1	1	-1	-1	0	-1	1	1
hsa-mir-451		-1	0	1	0	0	0	0	-1	0	-1	0	0	1	0	0	-1	0	0	0	0	-1	0	-1	-1	0	-1	1	1	0	0	1	0	0	0	1	-1	-1	0	1	0	-1	0	0	-1	0	-1	0	0	-1	0	0	-1	0	0	0	-1	0	0	0	0	-1	-1	0	0	-1	0	-1	0	1	-1	0	0	0	-1	0	0	0	0	0	-1	0	0	-1	-1	-1	0	1	-1	-1	0	0	0	0	0	-1	-1	-1	-1	-1	1	1	0	-1	1	0	-1	-1	0	0	0	1	-1	0	-2	-1	1	-1	-1	0	1	-1	0	0	0	0	0	1	-1	1	0	0	-1	0	1	-1	1	0	1	0	0	0	-1	0	-1	-1	0	1	0	1	0	0	0	0	-1	0	-1	0	0	1	1	0	-1	1	0	-1	0	0	1	-1	0	1	0	0	-1	-1	-1	-1	-1	-1	-1	1	-1	1	1	2	-1	-1	0	0	1	0	1	0	-1	0	0	1	1	0	1	1	0	0	1	0	-1
hsa-mir-455		2	0	1	0	0	0	0	1	0	1	0	0	1	0	0	1	0	0	0	0	-1	0	1	0	0	0	1	1	0	0	1	0	0	0	-1	1	-1	-1	1	1	1	1	0	1	0	1	0	0	0	2	-1	0	1	0	0	-1	0	0	1	0	1	1	0	0	-1	0	0	-1	1	0	0	0	0	-1	0	0	0	1	1	2	0	0	1	1	-1	1	0	0	1	0	0	0	0	0	1	1	1	1	1	0	2	0	1	1	1	0	-1	1	0	1	-1	-1	1	1	1	1	2	1	1	1	0	0	0	1	0	0	0	1	0	0	0	-1	2	-1	0	0	0	-1	-1	1	1	1	0	1	0	0	0	0	1	0	0	0	0	0	-1	1	1	0	0	1	1	1	1	0	1	-1	0	-1	0	0	0	0	-1	-1	1	-1	1	0	1	-1	1	1	-1	0	0	1	1	1	1	1	0	-1	0	1	-1	0	0	0	0	-1	1	0	0	-1	1	1
hsa-mir-466		1	0	0	-1	0	0	0	1	0	-1	0	0	-1	-1	0	-1	0	-1	0	0	1	0	0	0	0	0	1	0	0	-1	1	0	0	0	1	-1	1	-1	1	-1	0	0	0	1	0	1	0	0	0	0	-1	1	0	0	-1	-1	0	0	1	1	0	0	0	0	0	0	1	0	0	1	-1	0	0	0	2	0	0	0	0	0	0	0	1	-1	1	0	0	1	0	0	0	0	-1	0	1	0	1	-1	0	1	1	-1	-1	0	0	-1	1	0	0	1	0	-1	-1	1	0	1	-1	-1	0	0	1	0	-1	0	0	-1	0	1	0	0	0	1	0	-1	0	0	0	-1	1	0	0	-1	0	1	1	0	0	0	-1	0	0	0	0	0	0	1	1	1	1	1	1	0	-1	0	1	1	0	-1	0	0	-1	0	0	0	0	1	0	0	0	0	1	1	0	1	0	0	0	-1	0	1	-1	0	0	1	2	0	-1	1	0	-1	0	0	-1	1	0	0
hsa-mir-499		1	0	1	1	0	0	0	1	0	0	0	0	1	0	0	0	0	1	0	0	1	0	1	0	0	0	1	1	0	0	-1	0	-1	0	0	1	1	1	1	1	0	1	0	1	0	1	0	0	0	0	2	0	0	0	-1	1	0	0	1	0	1	1	0	0	0	0	0	0	1	0	0	0	1	0	0	0	0	0	1	-1	0	0	1	1	1	1	1	1	1	0	0	0	0	0	1	1	-1	1	1	0	1	0	1	1	1	0	1	0	0	1	1	1	1	1	-1	0	0	1	0	0	0	0	-1	-1	1	1	0	1	1	0	0	1	0	1	-1	1	0	1	1	0	1	1	0	1	0	0	1	0	0	1	0	0	0	1	0	1	1	0	0	1	1	0	1	0	-1	0	0	0	1	0	1	0	0	2	1	1	0	1	1	1	1	1	1	1	-1	1	1	1	-1	1	0	-1	0	1	0	0	1	1	0	0	1	0	0	-1	0	0
hsa-mir-500b		1	0	1	1	0	0	0	0	0	0	0	0	1	-1	0	1	0	0	0	0	1	0	1	1	0	0	0	1	1	-1	1	-1	1	-1	0	0	-1	1	0	1	1	1	0	1	0	1	-1	0	-1	0	-1	0	0	1	1	1	0	0	0	1	0	1	0	2	-1	1	2	-1	0	1	0	-1	-1	1	-1	-1	-1	1	1	-1	1	0	-1	1	-1	1	0	1	0	0	1	1	-1	0	0	0	1	1	2	1	-1	1	0	0	1	0	0	1	1	0	1	-1	0	-1	1	0	-1	2	0	0	0	0	-1	2	0	0	0	1	-1	0	0	1	1	-1	0	-1	0	0	1	-1	1	0	0	0	-1	1	-1	-1	2	-1	-1	-1	0	1	-1	1	1	1	-1	0	-1	1	1	-1	0	1	0	0	0	0	0	-1	-1	1	0	1	1	1	-1	-1	1	-1	0	-1	-1	1	1	1	0	1	0	1	-1	0	1	-1	-1	1	1	1	1	-1	0	1	-1	0
hsa-mir-513a-1		-1	0	-1	-1	0	0	0	-1	0	0	0	0	-1	-1	0	-1	0	0	0	0	1	0	1	1	0	-1	-1	-1	-1	1	-1	-1	-1	-1	0	-1	1	0	0	1	-1	-1	0	-1	0	1	-1	0	-1	0	-1	0	0	-1	-1	-1	0	0	0	1	-1	-1	0	-1	-1	-1	-1	-1	0	-1	0	-1	-1	-1	-1	-1	-1	-1	-1	-1	1	0	1	1	1	-1	-1	0	0	0	-1	-1	-1	0	0	0	-1	-1	-1	-1	-1	-1	1	1	1	-1	0	-1	1	-1	-1	1	0	-1	-1	0	-1	-1	0	0	0	0	-1	1	0	0	0	-1	-1	0	0	-1	-1	-1	-1	-1	-1	0	-1	-1	1	-1	0	0	-1	1	1	-1	-1	-1	1	-1	0	-1	-1	-1	-1	0	-1	0	-1	-1	-1	-1	0	-1	0	0	0	0	0	-1	-1	0	0	1	-1	1	0	1	-1	-1	-1	1	-1	-1	-1	-1	0	0	0	-1	-1	0	-1	1	-1	-2	-1	1	0	-1	0	-1	1	0
hsa-mir-513a-2		-1	0	-1	-1	0	0	0	-1	0	0	0	0	-1	-1	0	-1	0	0	0	0	1	0	1	1	0	-1	-1	-1	-1	1	-1	-1	-1	-1	0	-1	1	0	0	1	-1	-1	0	-1	0	1	-1	0	-1	0	-1	0	0	-1	-1	-1	0	0	0	1	-1	-1	0	-1	-1	-1	-1	-1	0	-1	0	-1	-1	-1	-1	-1	-1	-1	-1	-1	1	0	1	1	1	-1	-1	0	0	0	-1	-1	-1	0	0	0	-1	-1	-1	-1	-1	-1	1	1	1	-1	0	-1	1	-1	-1	1	0	-1	-1	0	-1	-1	0	0	0	0	-1	1	0	0	0	-1	-1	0	0	-1	-1	-1	-1	-1	-1	0	-1	-1	1	-1	0	0	-1	1	1	-1	-1	-1	1	-1	0	-1	-1	-1	-1	0	-1	0	-1	-1	-1	-1	0	-1	0	0	0	0	0	-1	-1	0	0	1	-1	1	0	1	-1	-1	-1	1	-1	-1	-1	-1	0	0	0	-1	-1	0	-1	1	-1	-2	-1	1	0	-1	0	-1	1	0
hsa-mir-513b		-1	0	-1	-1	0	0	0	-1	0	0	0	0	-1	-1	0	-1	0	0	0	0	1	0	1	1	0	-1	-1	-1	-1	1	-1	-1	-1	-1	0	-1	1	0	0	1	-1	-1	0	-1	0	1	-1	0	-1	0	-1	0	0	-1	-1	-1	0	0	0	1	-1	-1	0	-1	-1	-1	-1	-1	0	-1	0	-1	-1	-1	-1	-1	-1	-1	-1	-1	1	0	1	1	1	-1	-1	0	0	0	-1	-1	-1	0	0	0	-1	-1	-1	-1	-1	-1	1	1	1	-1	0	-1	1	-1	-1	1	0	-1	-1	0	-1	-1	0	0	0	0	-1	1	0	0	0	-1	-1	0	0	-1	-1	-1	-1	-1	-1	0	-1	-1	1	-1	0	0	-1	1	1	-1	-1	-1	1	-1	0	-1	-1	-1	-1	0	-1	0	-1	-1	-1	-1	0	-1	0	0	0	0	0	-1	-1	0	0	1	-1	1	0	1	-1	-1	-1	1	-1	-1	-1	-1	0	0	0	-1	-1	0	-1	1	-1	-2	-1	1	0	-1	0	-1	1	0
hsa-mir-513c		-1	0	-1	-1	0	0	0	-1	0	0	0	0	-1	-1	0	-1	0	0	0	0	1	0	1	1	0	-1	-1	-1	-1	1	-1	-1	-1	-1	0	-1	1	0	0	1	-1	-1	0	-1	0	1	-1	0	-1	0	-1	0	0	-1	-1	-1	0	0	0	1	-1	-1	0	-1	-1	-1	-1	-1	0	-1	0	-1	-1	-1	-1	-1	-1	-1	-1	-1	1	0	1	1	1	-1	-1	0	0	0	-1	-1	-1	0	0	0	-1	-1	-1	-1	-1	-1	1	1	1	-1	0	-1	1	-1	-1	1	0	-1	-1	0	-1	-1	0	0	0	0	-1	1	0	0	0	-1	-1	0	0	-1	-1	-1	-1	-1	-1	0	-1	-1	1	-1	0	0	-1	1	1	-1	-1	-1	1	-1	0	-1	-1	-1	-1	0	-1	0	-1	-1	-1	-1	0	-1	0	0	0	0	0	-1	-1	0	0	1	-1	1	0	1	-1	-1	-1	1	-1	-1	-1	-1	0	0	0	-1	-1	0	-1	1	-1	-2	-1	1	0	-1	0	-1	1	0
hsa-mir-514-1		-1	0	-1	-1	0	0	0	-1	0	0	0	0	-1	-1	0	-1	0	0	0	0	1	0	1	1	0	-1	-1	-1	-1	1	-1	-1	-1	-1	0	-1	1	0	0	1	-1	-1	0	-1	0	1	-1	0	-1	0	-1	0	0	-1	-1	-1	0	0	0	1	-1	-1	0	-1	-1	-1	-1	-1	0	-1	0	-1	-1	-1	-1	-1	-1	-1	-1	-1	1	0	1	1	1	-1	-1	0	0	0	-1	-1	-1	0	0	0	-1	-1	-1	-1	-1	-1	1	1	1	-1	0	-1	1	-1	-1	1	0	-1	-1	0	-1	-1	0	0	0	0	-1	1	0	0	0	-1	-1	0	0	-1	-1	-1	-1	-1	-1	0	-1	-1	1	-1	0	0	-1	1	1	-1	-1	-1	1	-1	0	-1	-1	-1	-1	0	-1	0	-1	-1	-1	-1	0	-1	0	0	0	0	0	-1	-1	0	0	1	-1	1	0	1	-1	-1	-1	1	-1	-1	-1	-1	0	0	0	-1	-1	0	-1	1	-1	-2	-1	1	0	-1	0	-1	1	0
hsa-mir-514-2		-1	0	-1	-1	0	0	0	-1	0	0	0	0	-1	-1	0	-1	0	0	0	0	1	0	1	1	0	-1	-1	-1	-1	1	-1	-1	-1	-1	0	-1	1	0	0	1	-1	-1	0	-1	0	1	-1	0	-1	0	-1	0	0	-1	-1	-1	0	0	0	1	-1	-1	0	-1	-1	-1	-1	-1	0	-1	0	-1	-1	-1	-1	-1	-1	-1	-1	-1	1	0	1	1	1	-1	-1	0	0	0	-1	-1	-1	0	0	0	-1	-1	-1	-1	-1	-1	1	1	1	-1	0	-1	1	-1	-1	1	0	-1	-1	0	-1	-1	0	0	0	0	-1	1	0	0	0	-1	-1	0	0	-1	-1	-1	-1	-1	-1	0	-1	-1	1	-1	0	0	-1	1	1	-1	-1	-1	1	-1	0	-1	-1	-1	-1	0	-1	0	-1	-1	-1	-1	0	-1	0	0	0	0	0	-1	-1	0	0	1	-1	1	0	1	-1	-1	-1	1	-1	-1	-1	-1	0	0	0	-1	-1	0	-1	1	-1	-2	-1	1	0	-1	0	-1	1	0
hsa-mir-514-3		-1	0	-1	-1	0	0	0	-1	0	0	0	0	-1	-1	0	-1	0	0	0	0	1	0	1	1	0	-1	-1	-1	-1	1	-1	-1	-1	-1	0	-1	1	0	0	1	-1	-1	0	-1	0	1	-1	0	-1	0	-1	0	0	-1	-1	-1	0	0	0	1	-1	-1	0	-1	-1	-1	-1	-1	0	-1	0	-1	-1	-1	-1	-1	-1	-1	-1	-1	1	0	1	1	1	-1	-1	0	0	0	-1	-1	-1	0	0	0	-1	-1	-1	-1	-1	-1	1	1	1	-1	0	-1	1	-1	-1	1	0	-1	-1	0	-1	-1	0	0	0	0	-1	1	0	0	0	-1	-1	0	0	-1	-1	-1	-1	-1	-1	0	-1	-1	1	-1	0	0	-1	1	1	-1	-1	-1	1	-1	0	-1	-1	-1	-1	0	-1	0	-1	-1	-1	-1	0	-1	0	0	0	0	0	-1	-1	0	0	1	-1	1	0	1	-1	-1	-1	1	-1	-1	-1	-1	0	0	0	-1	-1	0	-1	1	-1	-2	-1	1	0	-1	0	-1	1	0
hsa-mir-514b		-1	0	-1	-1	0	0	0	-1	0	0	0	0	-1	-1	0	-1	0	0	0	0	1	0	1	1	0	-1	-1	-1	-1	1	-1	-1	-1	-1	0	-1	1	0	0	1	-1	-1	0	-1	0	1	-1	0	-1	0	-1	0	0	-1	-1	-1	0	0	0	1	-1	-1	0	-1	-1	-1	-1	-1	0	-1	0	-1	-1	-1	-1	-1	-1	-1	-1	-1	1	0	1	1	1	-1	-1	0	0	0	-1	-1	-1	0	0	0	-1	-1	-1	-1	-1	-1	1	1	1	-1	0	-1	1	-1	-1	1	0	-1	-1	0	-1	-1	0	0	0	0	-1	1	0	0	0	-1	-1	0	0	-1	-1	-1	-1	-1	-1	0	-1	-1	1	-1	0	0	-1	1	1	-1	-1	-1	1	-1	0	-1	-1	-1	-1	0	-1	0	-1	-1	-1	-1	0	-1	0	0	0	0	0	-1	-1	0	0	1	-1	1	0	1	-1	-1	-1	1	-1	-1	-1	-1	0	0	0	-1	-1	0	-1	1	-1	-2	-1	1	0	-1	0	-1	1	0
hsa-mir-544		-1	0	0	0	0	0	0	0	0	1	0	0	-1	0	0	-1	0	1	0	0	1	0	1	0	-1	0	1	1	0	-1	1	0	0	0	-1	1	1	-1	-1	1	-1	1	0	-1	0	-1	1	2	0	0	0	-1	-1	1	-1	1	0	0	1	0	1	0	0	0	0	-1	1	0	0	1	1	-1	-1	0	-1	-1	0	1	0	0	0	0	1	0	1	1	-1	1	1	1	0	0	0	0	1	1	1	0	-1	-1	-1	-1	-1	1	1	-1	1	0	0	-1	1	2	2	0	0	1	-1	-1	0	0	0	0	0	-1	-1	0	0	0	-1	-1	0	1	-1	1	-1	1	0	-1	0	-1	0	-1	0	0	1	-1	-1	-1	-1	-1	0	0	0	0	0	1	-1	0	-1	1	0	-1	0	0	0	1	0	0	0	0	0	0	0	0	-1	1	1	0	0	1	1	0	-1	-1	0	-1	1	-1	0	1	0	1	0	1	-1	0	-1	1	0	-1	1	0	0	1	0	1
hsa-mir-544b		-1	0	1	-1	0	0	0	-1	0	-1	0	0	0	0	0	0	0	1	0	0	-1	0	0	0	0	0	2	0	0	0	0	0	0	0	1	1	1	0	-1	-1	0	-1	0	-1	0	-1	0	0	0	0	0	-1	-1	0	-1	-1	0	0	1	1	0	1	0	0	0	0	1	0	0	-1	0	0	0	1	0	0	0	0	0	0	0	0	1	0	1	0	0	-1	0	0	0	0	-1	0	1	-1	1	1	0	0	1	0	1	0	0	1	1	-1	0	0	0	0	-1	-1	0	-1	0	-1	-1	2	0	0	-1	-1	0	-1	0	-1	0	0	0	1	2	-1	0	0	0	1	0	0	1	-1	0	-1	1	0	2	0	0	0	0	0	0	0	-1	0	1	0	1	1	0	-1	-1	0	-1	-1	0	-1	0	0	-1	0	0	0	0	1	0	0	1	-1	1	1	1	-1	-1	1	1	-1	0	1	0	0	0	1	0	0	-1	-1	0	1	0	0	0	-1	0	0
hsa-mir-548h-1		-1	0	-1	-1	0	0	0	0	0	0	0	0	-1	0	0	-1	0	-1	0	0	1	0	1	0	-1	0	1	1	0	0	-1	0	0	0	-1	-1	1	-1	-1	-1	-1	1	0	-1	0	0	1	0	0	0	0	-1	-1	1	-1	-1	-1	0	0	0	1	0	0	0	0	-1	1	0	0	1	-1	-1	-1	0	-1	-1	0	1	0	0	0	0	1	-1	1	-1	-1	1	1	1	0	0	0	0	1	1	1	1	0	-1	-1	1	-1	-1	0	-1	1	0	0	-1	1	0	1	0	0	1	-1	-1	0	-2	0	0	0	-1	-1	0	-1	0	-1	-1	0	1	-1	1	-1	1	0	-1	1	0	0	-1	0	0	1	-1	-1	-1	-1	-1	0	0	0	0	-1	1	-1	0	-1	1	-1	-1	0	0	0	1	0	0	0	0	0	0	0	0	-1	1	1	-1	0	1	1	1	-1	-1	0	-1	1	-1	0	1	0	0	0	1	-1	0	-1	-1	0	-1	1	-1	0	1	0	1
hsa-mir-548h-3		1	0	1	0	0	0	0	-1	0	0	0	0	1	0	0	1	0	0	0	0	0	0	1	-1	-1	-1	2	1	-1	0	1	2	1	0	-1	2	1	0	1	0	-1	0	0	-1	0	1	0	0	0	0	0	-1	0	0	0	1	0	0	0	0	-1	-1	0	2	0	1	1	0	1	2	1	0	0	1	0	0	0	2	-1	-1	0	0	1	0	-1	0	-1	-1	-1	1	2	0	-1	0	-1	-1	1	-1	1	1	-1	0	0	1	0	-1	-1	0	0	2	0	1	1	1	1	1	-1	-1	0	2	0	0	0	0	0	0	1	2	1	-1	0	-1	1	1	0	1	2	-1	1	1	0	1	-1	1	1	-1	-1	0	1	0	1	2	0	-1	0	1	2	0	1	1	2	-1	1	-1	-1	0	0	1	1	0	-1	0	2	-1	1	-1	-1	-1	2	-1	1	1	1	1	-1	1	1	0	-1	2	0	-1	-1	1	1	0	1	2	1	1	1	1	0	1	0	1
hsa-mir-548l		0	0	0	-1	0	0	0	-1	0	1	0	0	-1	-1	-1	-1	0	-1	0	0	-1	0	1	-1	0	0	-1	-1	0	-1	-1	0	-1	0	0	-1	-1	-1	-1	-1	-1	0	0	-1	0	0	1	0	-1	-1	0	2	0	0	-1	1	-1	0	0	0	0	0	0	0	-1	0	0	0	1	1	1	0	0	-1	-1	0	0	-1	0	-1	0	0	1	-1	1	1	0	1	-1	0	-1	0	0	0	-1	1	1	-1	0	-1	0	-1	-1	-1	0	1	0	-1	0	0	-1	-1	-1	1	1	-1	-1	-1	0	-1	0	-1	0	-1	0	1	0	1	0	0	0	-1	-1	-1	1	-1	0	1	-1	1	0	0	0	-1	0	0	0	0	-1	0	0	0	0	-1	-1	-1	-1	0	-1	1	-1	-1	1	0	-1	0	0	0	0	0	0	0	0	0	-1	0	0	1	-1	-1	0	-1	-1	-1	-1	-1	-1	-1	0	-1	0	-1	-1	-1	-1	0	-1	-1	0	-2	-1	0	0	-1	0	0
hsa-mir-548p		0	1	0	0	0	0	0	2	0	0	0	0	0	0	0	0	0	-1	0	0	0	0	1	0	0	1	1	-1	0	0	0	0	0	0	1	1	-1	0	-1	1	0	1	0	-1	0	1	0	0	0	0	0	0	0	0	0	1	-1	0	1	1	1	-1	0	0	1	0	1	0	0	1	0	0	1	1	0	0	0	0	0	0	2	0	1	1	1	1	0	-1	-1	1	0	0	0	0	-1	-1	-1	2	1	0	-1	1	1	1	1	0	-1	-1	0	1	0	0	1	-2	0	-1	0	1	0	0	0	0	0	-1	0	0	0	1	-1	0	0	-1	0	1	1	1	0	1	1	-1	1	0	0	1	-1	0	1	0	0	0	0	0	0	1	0	-1	1	0	1	1	0	0	-1	0	0	1	0	1	1	0	0	0	0	-1	1	-1	1	0	-1	1	-1	1	1	-1	0	-1	1	1	1	1	0	0	0	-1	-1	0	1	1	-1	0	-1	0	0	1	0	1
hsa-mir-548s		0	0	0	-1	0	0	0	0	0	-1	0	0	-1	0	0	1	0	0	0	0	0	0	0	0	0	0	-1	0	-1	0	1	-1	0	0	-1	-1	1	1	1	0	0	0	0	1	0	1	0	0	0	0	0	1	0	0	-1	-1	0	0	1	0	-1	0	0	-1	-1	-1	-1	0	0	-1	0	-1	-1	-1	0	0	-1	-1	0	0	0	0	-1	-1	-1	0	0	1	2	0	-1	-1	0	0	-1	-1	0	-1	1	0	-1	0	-1	-1	0	-1	1	-1	0	-1	1	-1	-1	0	1	-1	-1	-1	0	-2	1	0	0	1	0	0	0	-1	-1	0	0	-1	-1	0	-1	-1	-1	-1	0	0	0	-1	0	-1	-1	0	-1	-1	-1	-1	0	-1	0	-1	0	-1	-1	0	-1	1	-1	0	0	0	0	-1	0	1	-1	0	1	0	-1	1	-1	0	0	-1	-1	1	-1	-1	1	-1	0	0	0	-1	0	-1	0	-1	-1	0	-1	1	-1	1	-1	1	0	0	0	-1	1	0
hsa-mir-548u		2	0	0	1	0	0	0	-1	0	1	0	0	1	0	0	0	0	1	0	0	-1	0	1	0	0	0	1	1	0	0	-1	-1	0	0	0	-1	1	0	1	1	-1	0	0	0	0	1	0	0	0	0	0	1	0	0	-1	-1	0	0	1	0	1	-1	0	-1	0	0	-1	-1	-1	-1	0	-1	-1	0	-1	0	0	-1	0	-1	0	0	1	-1	-1	-1	0	1	-1	0	-1	0	0	0	1	0	0	0	0	0	0	0	0	1	1	0	1	1	0	0	1	1	-1	0	1	0	-1	1	0	0	0	0	0	1	0	0	0	0	0	0	0	1	0	1	-1	-1	0	1	-1	0	0	1	0	1	0	0	1	0	-1	-1	0	-1	0	-1	0	-1	0	-1	1	1	-1	0	-1	0	1	0	0	0	1	0	1	0	0	0	0	1	1	0	1	1	-1	-1	-1	1	0	-1	-1	1	0	-1	0	0	0	1	1	0	-1	1	0	0	0	-1	0	1	0	-1
hsa-mir-548v		-1	1	1	0	0	2	0	1	0	1	0	0	0	0	0	-1	0	1	0	0	-1	0	1	-1	0	0	-1	-1	0	-1	0	0	0	0	1	1	-1	1	-1	-1	0	0	0	1	0	-1	0	0	0	0	-1	2	0	-1	0	1	0	0	-1	1	1	-1	-1	0	0	0	1	-1	-1	0	0	0	0	-1	0	0	0	1	0	0	0	0	1	1	-1	0	1	-1	-1	0	1	0	0	0	-1	-1	1	1	-1	1	0	0	1	-1	1	0	-1	1	0	-1	1	-1	-1	-1	-1	-1	-1	0	0	0	0	0	0	-1	1	-1	-1	0	0	0	0	1	-1	0	-1	0	0	-1	1	0	1	1	0	-1	0	0	-1	0	0	-1	0	0	0	1	0	-1	0	0	0	1	-1	0	0	0	-1	1	1	1	1	0	1	0	0	0	0	-1	0	0	1	-1	1	-1	1	1	0	-1	1	0	0	-1	0	1	0	1	0	0	-1	-1	0	-1	1	0	0	1	0	-1
hsa-mir-550-1		0	0	1	2	0	0	0	0	0	1	0	0	1	-1	0	1	0	1	0	0	2	0	1	0	0	0	0	0	0	0	1	0	0	0	0	1	0	0	0	1	1	0	0	1	0	-1	0	0	0	0	0	1	0	1	-1	1	0	0	-1	0	1	0	0	2	-1	0	1	0	0	1	0	0	-1	0	-1	0	0	0	1	-1	0	0	1	1	1	1	0	1	1	0	1	-1	0	0	1	1	1	0	0	0	1	1	1	0	1	1	1	1	0	-1	1	1	1	1	0	0	0	1	0	0	-1	0	0	2	0	0	0	1	0	0	0	1	0	2	0	0	-1	0	-1	0	1	1	0	1	0	0	1	0	-1	0	0	0	0	-1	1	-1	-1	0	1	-1	1	0	1	-1	0	0	0	1	0	0	1	0	-1	1	1	0	0	1	1	1	1	1	0	1	-1	1	1	0	0	-1	0	-1	0	1	1	0	1	0	0	1	1	0	0	-1	0	1
hsa-mir-550-2		0	0	1	0	0	0	0	0	0	1	0	0	1	2	0	1	0	1	0	0	2	0	1	0	0	0	0	0	0	0	1	0	0	0	0	1	0	0	0	1	1	0	0	1	0	-1	0	0	0	0	0	1	0	1	-1	1	0	0	-1	0	1	0	0	2	-1	0	1	0	0	1	0	0	-1	0	-1	0	0	0	1	-1	0	0	1	1	1	1	0	1	1	0	1	-1	0	0	1	1	1	0	0	0	1	1	1	0	1	1	1	1	0	-1	1	1	1	1	0	0	0	1	0	0	-1	0	0	2	0	0	0	1	0	0	0	1	0	2	0	0	-1	0	-1	0	1	1	0	1	0	0	1	0	-1	0	0	0	0	-1	1	-1	-1	0	1	-1	1	0	1	-1	0	0	0	1	0	0	1	0	-1	1	1	0	0	1	1	1	1	1	0	1	2	1	1	0	0	-1	0	-1	0	1	1	0	1	0	0	1	1	0	0	-1	0	1
hsa-mir-552		1	0	0	0	0	1	0	0	0	0	0	0	-1	0	0	1	0	1	0	0	-1	0	-1	0	0	1	-1	0	0	0	0	0	-1	0	1	1	1	0	0	-1	0	1	0	0	0	0	0	0	1	0	1	1	0	0	-1	0	1	0	1	0	1	-1	0	0	0	0	-1	0	1	1	0	0	0	0	0	0	-1	1	1	1	0	0	-1	1	1	-1	1	-1	0	0	0	0	0	0	1	0	-1	1	1	0	1	0	1	1	0	1	1	0	0	2	0	1	-1	-1	1	1	0	0	0	0	0	0	0	1	0	0	-1	1	-1	0	0	1	0	1	1	-1	0	0	0	0	1	0	0	1	0	0	-1	-1	-1	0	0	0	0	-1	-1	1	1	0	1	1	1	-1	1	0	1	0	0	-1	1	0	0	0	0	0	1	1	1	1	1	1	1	0	1	1	-1	1	1	1	-1	-1	-1	1	0	1	0	0	1	-1	-1	-1	1	0	0	0	0	1
hsa-mir-562		2	0	0	-1	0	0	0	-1	0	-1	0	0	-1	0	0	-1	0	-1	0	0	1	0	-1	0	0	0	-1	-1	0	-1	-1	0	0	0	-1	-1	1	1	1	1	0	-1	0	0	0	-1	0	0	0	0	0	0	0	-1	-1	-1	-1	0	-1	0	-1	0	0	0	-2	0	-1	0	-1	-1	0	0	0	-1	0	0	0	1	0	-1	0	0	-1	-2	-1	0	0	-1	1	0	-1	-1	0	0	-1	-1	0	-1	-1	-1	1	0	-2	0	0	0	0	1	-1	-1	-1	-2	-1	0	1	-1	-1	-1	0	1	-1	0	0	0	0	0	0	1	0	0	0	-1	-1	-1	0	0	0	1	-1	-1	0	-1	0	-1	0	-1	1	0	-1	-1	0	0	0	-1	0	-1	-1	0	-1	-1	0	0	0	0	0	0	0	1	-2	0	0	0	-1	-1	0	0	0	0	-1	-1	-1	-1	1	-1	0	-1	0	-1	0	-1	0	-2	0	-1	-1	-1	-1	0	-1	-2	-1	0	0	0	1	0
hsa-mir-566		1	0	-1	-1	0	0	0	-1	0	-1	0	0	-1	-1	-1	-1	0	-1	0	0	1	0	0	0	0	0	1	0	0	0	1	0	0	0	1	-1	1	-1	1	-1	0	0	0	1	0	1	0	0	0	0	-1	1	0	0	-1	-1	0	0	1	1	0	0	0	0	0	0	1	0	0	1	-1	0	0	0	0	0	0	0	0	0	0	0	-1	-1	0	0	0	1	0	0	0	-1	-1	0	1	0	1	-1	-1	1	-2	-1	-1	0	0	-1	1	0	0	1	0	-1	-1	1	-1	1	-1	-1	0	0	1	-1	-1	0	0	-1	-1	1	0	0	0	1	0	-1	0	0	0	-1	1	0	1	-1	0	-1	1	0	-1	0	-1	-1	0	0	-1	0	0	1	-1	0	1	1	-2	0	-1	0	0	1	0	-1	-1	0	-1	0	0	0	0	1	0	-1	-1	0	-1	1	0	1	0	-1	-1	-1	0	1	-1	0	0	1	0	0	1	1	0	0	0	0	-1	1	0	0
hsa-mir-571		0	0	1	0	0	0	0	2	0	1	0	0	0	-1	0	-1	0	-1	0	0	0	0	-1	0	0	0	-1	1	0	0	1	0	0	0	1	1	1	-1	-1	0	0	1	0	1	0	0	0	-1	0	0	0	-1	0	0	0	1	1	0	-1	0	0	-2	0	0	-1	-1	1	0	1	-1	-1	1	0	-1	0	0	0	1	0	1	1	0	1	1	1	0	1	-1	-1	1	0	0	0	0	-1	1	-1	1	1	0	-1	1	0	-1	0	-1	-1	1	0	2	1	0	-1	0	1	0	-1	0	0	0	0	0	0	1	0	1	0	-1	1	0	0	1	-1	2	-1	-1	0	-1	0	-1	0	2	-1	1	1	0	1	0	1	1	0	0	0	-1	-1	1	0	0	1	1	-2	0	1	0	-1	1	0	-1	-1	0	1	0	1	-2	-1	1	1	0	1	1	-1	0	1	1	0	1	1	-1	0	-1	0	2	0	1	1	-1	1	1	1	1	1	-1	0	1	1	-1
hsa-mir-576		0	0	-1	1	0	0	0	0	0	-1	0	0	-1	2	0	-1	0	1	0	0	0	0	-1	0	0	0	-1	-1	0	0	1	0	0	0	1	-1	-1	0	0	-1	0	1	0	-1	0	0	0	-1	0	0	-1	-1	0	0	1	1	2	0	0	0	-1	0	0	0	-1	0	1	0	1	-1	0	0	0	-1	0	0	0	-1	0	1	1	0	1	-1	-1	-1	1	-1	0	1	0	0	0	0	0	-1	0	0	1	-1	2	0	1	-1	0	-1	-1	-1	0	1	1	1	1	-1	0	-1	-1	0	0	0	0	0	0	-1	0	0	0	-1	0	0	0	0	0	-1	-1	0	0	-1	0	-1	0	-1	-1	-1	-1	0	1	0	-1	1	0	0	0	-1	0	1	0	0	-1	-1	0	0	1	0	1	1	0	-1	0	0	1	0	1	1	-1	1	0	1	1	0	0	-1	1	1	-1	1	1	1	-1	-1	0	0	0	1	-1	0	1	-1	-1	0	0	0	0	0	1	1
hsa-mir-579		0	1	0	2	0	0	0	0	0	1	0	0	1	0	1	0	0	1	0	0	1	0	1	-1	0	1	1	1	0	0	0	0	0	0	1	1	-1	0	-1	1	1	1	1	-1	0	1	0	0	0	0	0	2	0	0	1	1	0	0	1	1	1	-1	0	0	1	0	1	0	0	1	0	0	1	1	0	0	0	1	0	0	2	0	-1	1	1	1	0	1	1	1	0	1	0	0	0	1	-1	1	1	1	-1	0	1	1	1	0	1	1	0	1	1	0	1	1	0	1	0	1	0	0	1	0	0	-1	0	0	0	1	0	0	0	1	0	1	1	1	0	1	0	0	1	2	0	1	1	1	-1	0	0	0	0	1	0	1	0	1	1	0	0	1	1	0	-1	0	-1	1	0	1	1	0	0	0	0	1	1	-1	0	-1	1	1	-1	1	1	1	0	1	1	1	0	1	0	1	0	-1	1	1	1	1	1	1	1	0	0	1	-1	1
hsa-mir-582		0	1	0	0	0	0	0	-1	0	0	0	0	1	0	0	0	0	-1	0	0	1	0	1	0	0	1	1	1	0	0	0	0	0	0	1	1	-1	0	-1	1	0	1	0	-1	0	1	0	0	0	0	0	0	0	0	1	1	0	0	1	1	1	-1	0	0	1	0	1	0	0	1	0	0	1	1	0	0	0	0	0	0	0	0	1	1	1	-1	0	2	-1	1	0	0	0	0	-1	-1	-1	1	1	0	-1	1	1	1	1	0	-1	-1	0	0	0	0	1	0	0	-1	0	1	0	0	0	0	0	-1	0	0	0	1	0	0	0	-1	0	1	0	1	0	1	1	1	1	1	0	1	-1	0	1	0	0	0	0	0	0	1	0	-1	1	0	0	1	-1	0	-1	0	0	1	0	1	1	0	0	0	0	-1	1	-1	1	0	-1	1	-1	1	1	-1	0	-1	1	1	-1	1	0	-1	0	-1	-1	0	-1	-1	-1	0	1	0	0	1	0	1
hsa-mir-584		0	1	0	0	0	2	0	0	0	0	0	0	0	0	0	1	0	1	0	0	0	0	0	0	0	1	1	1	0	0	0	0	0	0	1	1	-1	0	-1	1	0	1	0	1	0	1	0	0	0	0	0	0	0	0	2	1	0	0	0	1	1	-1	0	0	1	0	1	0	0	1	0	0	1	0	0	0	0	0	0	0	0	0	1	-1	1	1	0	-1	-1	1	0	0	0	0	-1	0	-1	-1	1	0	0	1	1	1	1	0	-1	-1	0	-1	0	0	1	-2	-1	-1	0	1	0	0	1	0	0	-1	0	0	0	0	0	0	0	-1	-1	2	1	1	0	1	1	-1	1	1	0	-1	-1	0	1	0	0	0	0	0	0	1	-1	-1	-1	0	-1	1	0	0	1	0	0	1	0	1	1	0	0	0	0	1	0	-1	1	0	-1	1	-1	0	1	-1	0	-1	-1	0	1	1	0	0	0	-1	1	0	-1	1	-1	-1	-1	-1	0	0	0	0
hsa-mir-587		-1	0	-1	2	0	0	0	0	0	1	0	0	0	0	0	-1	0	1	0	0	1	0	1	0	0	0	-1	1	-1	0	-1	0	-1	0	0	-1	1	0	1	1	-1	0	0	-1	0	1	0	0	0	0	0	1	2	0	1	-1	0	0	-1	0	1	-1	0	0	0	0	-1	0	0	-1	0	0	-1	0	0	0	-1	-1	0	0	0	0	-1	1	-1	1	0	-1	-1	0	-1	0	0	0	1	0	-1	1	-1	0	-1	0	1	0	1	0	1	0	0	-1	-1	-1	-1	-1	0	0	2	1	0	0	0	0	0	0	0	1	0	-1	0	0	0	1	0	1	-1	1	0	-1	-1	0	0	1	0	1	-1	0	1	0	1	-1	0	-1	0	0	0	-1	-1	-1	1	1	1	0	1	0	1	-1	0	0	0	0	1	0	-1	-1	0	0	-1	-1	1	-1	-1	0	-1	0	0	0	0	0	-1	1	0	1	-1	-1	1	0	-1	-1	0	-1	-1	-1	0	1	0	-1
hsa-mir-588		-1	0	-1	2	0	0	0	0	0	1	0	0	1	0	0	-1	0	2	0	0	1	0	1	0	0	0	-1	2	-1	0	-1	0	-1	0	0	-1	1	0	1	1	1	0	0	-1	0	2	0	0	0	0	0	1	0	0	1	-1	0	0	-1	0	1	-1	0	0	0	0	-1	0	0	-1	0	0	-1	0	0	0	-1	-1	0	0	0	0	-1	1	-1	2	0	-1	-1	0	-1	0	0	0	1	0	-1	1	-1	0	1	0	1	0	1	0	1	-1	0	-1	-1	1	-1	-1	0	0	0	1	0	0	0	0	0	0	0	1	0	-1	0	0	0	1	0	2	-1	1	0	-1	-1	0	0	1	0	1	-1	0	1	0	1	-1	0	-1	0	0	0	-1	-1	-1	1	0	1	0	1	0	1	-1	0	0	0	0	1	0	-1	-1	0	1	1	-1	1	-1	-1	1	1	0	0	1	-1	0	-1	1	0	1	-1	-1	1	0	-1	-1	0	-1	1	-1	0	1	0	-1
hsa-mir-606		0	0	0	-1	0	0	0	0	0	1	0	0	0	-1	0	-1	0	-1	0	0	0	0	-1	0	-1	-1	-2	-1	-1	-1	0	-1	-1	-1	0	-1	0	1	0	-1	-1	0	0	-1	0	-1	0	0	0	0	0	1	0	0	0	0	0	0	1	1	-1	-1	0	-1	0	-1	-1	-1	-1	-1	0	-1	-1	-1	-1	-1	-1	-1	-1	-1	0	0	-1	-1	-1	0	-1	0	0	-1	-1	0	0	0	-1	-1	-1	-1	1	0	-1	-1	-1	-1	0	-1	-1	-1	0	-1	0	-1	-1	-2	1	1	-1	1	0	0	0	0	0	0	-1	0	-1	1	0	0	0	-1	0	-1	-1	-1	-1	-2	-1	-1	-1	-1	-1	-1	-1	-1	-1	0	-1	-1	-1	-1	0	-1	0	0	-1	0	-1	-1	-1	-1	-1	-1	-1	-1	0	-1	-1	-1	-1	0	-1	-1	-1	-1	-1	-1	-1	1	-1	-1	0	-1	0	-1	1	-1	0	-1	0	-1	-1	-1	-1	0	-1	-1	-1	-1	0	-1	0	-1	1	-1
hsa-mir-607		-1	0	0	-1	0	0	0	0	0	0	0	0	1	-1	0	-1	0	-1	0	0	0	0	-1	0	-1	-1	0	-1	-1	-1	0	-1	-1	-1	0	-1	0	1	0	-1	-1	0	0	0	0	-1	0	0	0	0	0	1	0	0	0	0	0	0	-1	1	-1	-1	0	-1	-1	-1	-1	0	-1	-1	0	-1	-1	-1	-1	-1	-1	-1	-1	-1	0	0	-1	-1	-1	-1	-1	0	0	-1	-1	0	0	0	-1	-1	-1	-1	1	0	-1	-1	-1	-1	0	-1	-1	-1	0	-1	0	-1	-1	1	1	1	-1	1	0	0	0	0	0	0	-1	0	-1	-1	-1	-1	0	-1	0	-1	-1	-1	-1	-1	-1	-1	-1	-1	-1	-1	-1	-1	-1	0	-1	-1	-1	-1	0	-1	0	-2	-1	0	-1	-1	-1	-1	-1	-1	-1	-1	0	-1	-1	0	-1	0	-1	-1	-1	-1	-1	-1	-1	1	-1	-1	0	-1	0	-1	-1	-1	0	-1	0	0	-1	-1	0	0	-1	-1	-1	-1	0	-1	0	-1	1	-1
hsa-mir-616		-1	0	0	1	0	0	0	2	2	1	0	0	0	0	1	-1	0	-1	0	0	1	0	-1	-1	0	-1	0	-1	-1	0	0	0	-1	0	0	-1	0	2	-1	0	1	-1	0	2	0	-1	0	2	-1	0	-1	0	0	1	-1	1	0	2	0	0	0	0	0	-1	-1	0	-1	0	-1	-1	0	0	0	-1	0	0	0	-1	0	-1	0	0	-1	0	-1	1	0	-1	2	-1	-1	0	0	0	-1	1	2	-1	1	-1	1	0	0	-1	1	0	-1	-1	2	-1	0	-1	1	1	0	-1	0	-1	0	0	0	0	0	2	-1	0	0	0	0	0	0	0	0	1	1	-1	-1	1	0	-1	0	-1	0	-1	-1	0	0	0	0	-1	0	0	0	0	0	-1	-1	0	-1	-1	0	0	0	0	-1	-1	0	1	0	0	1	2	-1	1	0	1	1	1	0	2	1	-1	1	-1	0	1	-1	1	0	-1	0	-1	-1	0	0	-1	0	0	-1	1	1	0	0	-1	1	0
hsa-mir-619		0	0	0	0	0	0	0	0	0	0	0	0	-1	0	0	0	0	1	0	0	0	0	-1	-1	0	0	-1	-1	-1	2	0	0	-1	0	0	-1	0	-1	-1	-1	0	1	0	-1	0	2	0	-1	-1	0	-1	0	0	0	-1	-1	2	0	0	0	0	0	0	0	-1	0	-1	0	-1	-1	2	0	0	-1	0	0	0	-1	0	-1	0	0	1	0	1	1	0	1	-1	0	-1	0	0	0	-1	1	1	-1	1	-1	1	0	0	1	1	0	-1	-1	-1	-1	0	-1	1	1	0	-1	0	-1	0	0	-1	0	0	0	-1	0	0	1	0	0	0	1	0	1	0	1	-1	1	0	-1	0	1	0	-1	-1	0	-1	0	1	-1	0	0	0	0	0	0	-1	0	1	-1	0	0	0	0	-1	-1	0	1	0	0	1	0	-1	1	0	1	1	1	0	-1	1	1	1	0	0	-1	1	1	0	-1	0	-1	0	-1	0	-1	-1	1	-1	0	1	0	0	-1	1	-1
hsa-mir-625		-1	0	-1	-1	0	0	0	0	0	0	0	0	-1	0	0	-1	0	-1	0	0	1	0	1	0	-1	0	1	1	0	0	-1	0	0	0	-1	-1	1	-1	-1	-1	-1	1	0	-1	0	0	1	0	0	0	0	-1	-1	1	-1	-1	-1	0	0	0	1	0	0	0	0	-1	1	0	0	1	-1	-1	-1	0	-1	-1	0	1	0	0	0	0	1	-1	1	-1	-1	1	1	1	0	0	0	0	1	1	1	1	0	-1	-1	1	-1	-1	0	-1	1	0	0	-1	1	0	2	0	0	1	-1	-1	0	-2	0	0	0	-1	-1	0	-1	0	-1	-1	0	1	-1	1	-1	1	0	-1	1	0	0	-1	0	0	1	-1	-1	-1	-1	-1	0	0	0	0	-1	1	-1	0	-1	1	-1	-1	0	0	0	1	0	0	0	0	0	0	0	0	-1	1	1	-1	0	1	1	1	-1	-1	0	-1	1	-1	0	1	0	0	0	1	-1	-1	1	-1	0	-1	1	-1	0	1	0	1
hsa-mir-633		0	1	0	1	0	0	0	2	0	0	0	0	1	0	0	-1	0	0	0	0	1	0	1	-1	0	1	-1	0	0	0	0	0	0	0	1	1	1	0	1	0	0	0	0	-1	0	-1	0	0	1	0	0	-1	0	0	0	1	0	0	0	0	-1	1	0	0	-1	-1	-1	0	1	-1	0	0	0	0	0	0	0	-1	-1	-1	1	0	-1	1	1	0	1	1	-1	0	0	0	0	0	-1	1	-1	0	-1	1	1	-1	-1	1	0	-1	0	0	-1	0	1	1	0	1	1	1	0	-1	0	1	2	0	0	1	-1	0	2	1	1	0	0	1	0	1	0	1	0	2	-1	0	0	-1	0	1	-1	0	1	1	1	0	1	0	0	-1	0	-1	1	1	1	-1	1	0	1	0	-1	0	0	1	-1	0	-1	0	0	-1	-1	-1	1	-1	1	1	1	1	1	1	2	-1	1	0	0	1	0	-1	0	1	1	1	1	-1	0	1	1	0	0	1	0	-1
hsa-mir-640		-1	0	1	1	0	0	0	0	0	1	0	2	1	0	0	1	0	-1	0	0	0	0	1	1	0	0	1	-1	0	1	-1	0	0	0	0	1	1	1	1	1	0	1	0	1	0	1	0	0	1	0	0	-1	0	-1	0	1	1	0	1	0	1	0	0	0	1	0	1	0	-1	0	0	0	0	0	0	0	0	1	0	0	0	0	0	0	0	1	1	1	1	0	1	0	0	0	1	1	-1	1	1	0	2	1	1	1	1	0	-1	0	0	0	-1	0	1	-1	1	-1	0	1	0	0	1	0	0	0	0	-1	1	1	-1	0	0	-1	0	1	0	0	0	-1	1	0	1	1	-1	1	0	0	0	0	-1	0	1	0	0	1	0	-1	1	1	1	-1	1	0	-1	0	1	0	0	0	1	0	0	0	-1	1	1	1	1	-1	-1	-1	1	1	2	1	0	1	0	1	1	1	0	1	-1	-1	1	0	1	1	0	-1	0	0	0	0	0	1
hsa-mir-642		0	0	1	-1	0	0	0	0	0	1	0	0	0	0	0	-1	0	0	0	0	0	0	1	-1	0	-1	1	1	-1	0	-1	0	-1	-1	0	1	-1	1	-1	1	0	1	0	-1	0	0	0	0	-1	0	0	-1	0	0	0	1	0	0	-2	0	1	-1	0	1	-1	0	1	0	0	0	0	0	-1	1	-1	0	2	-1	0	0	0	0	0	1	0	1	-1	-1	1	1	-1	-1	0	0	1	0	1	-1	2	-1	-1	1	1	1	1	0	1	-1	0	-1	-1	0	1	-1	1	-1	0	1	-1	0	-1	0	0	-1	0	-1	-1	-1	-1	-1	0	-1	0	-1	0	-1	0	-1	-1	-1	1	1	0	1	0	0	0	-1	-1	0	-1	-1	0	0	-1	0	-1	0	-1	-1	1	-1	-1	0	-1	1	0	0	0	-1	0	0	-1	1	-1	1	1	-1	-1	-1	-1	0	-1	-1	-1	-1	1	-1	1	1	0	-1	0	-1	1	-1	-1	1	-1	0	1	0	0	0	0	-1
hsa-mir-644		1	0	1	1	0	0	0	1	0	0	0	0	1	0	0	0	0	1	0	0	1	0	-1	0	0	0	1	1	0	0	-1	0	-1	0	0	1	1	1	1	1	0	1	0	1	0	1	0	0	0	0	0	0	0	0	-1	1	0	0	1	0	1	1	0	0	0	0	0	0	1	0	0	0	1	0	0	0	0	0	1	-1	0	0	1	1	1	1	1	1	1	0	0	0	0	0	1	1	-1	1	1	0	1	0	1	1	1	0	1	0	0	1	1	1	1	1	-1	2	0	1	0	0	0	0	-1	0	1	1	0	1	1	0	0	1	0	1	-1	1	0	1	1	0	1	1	0	1	0	0	1	0	0	1	0	0	0	1	0	1	1	0	2	1	1	0	1	0	-1	0	0	0	1	0	1	0	0	-1	1	1	0	1	1	1	1	1	1	1	-1	1	1	1	-1	1	0	-1	0	1	0	0	1	1	0	0	1	0	0	-1	0	0
hsa-mir-646		1	0	1	1	0	0	0	0	0	0	0	0	1	0	0	0	0	0	0	0	1	0	1	0	0	0	1	1	0	0	-1	0	0	0	0	1	1	1	1	1	1	1	0	1	0	1	0	1	0	0	-1	0	0	1	1	1	1	0	-1	0	1	1	0	0	0	0	0	0	1	0	1	0	1	0	0	0	0	0	1	-1	0	0	1	1	1	1	1	1	2	1	0	0	0	0	1	1	-1	1	1	0	1	0	1	-1	1	0	1	-1	0	1	1	-1	1	1	-1	-1	0	1	0	0	0	0	0	0	1	1	0	1	1	0	0	1	0	2	-1	-1	0	1	1	0	1	2	0	1	0	0	1	0	0	1	0	0	0	1	0	1	1	0	0	1	1	2	1	0	0	0	0	0	1	0	1	-2	0	2	1	-1	0	1	-1	-1	1	1	1	1	0	1	1	1	-1	1	0	-1	0	0	0	-1	2	1	0	0	1	0	0	-1	0	-1
hsa-mir-649		0	1	1	0	0	0	0	-1	0	1	0	0	0	2	0	-1	1	-1	0	0	1	0	-1	-1	0	0	-1	-1	1	0	1	0	0	0	0	2	-1	1	-1	1	0	-1	0	0	-1	-1	0	-1	0	0	-1	2	0	-1	0	1	0	2	1	0	-1	1	0	0	0	0	0	0	1	-1	0	0	1	-1	0	0	0	-1	1	1	0	0	1	-1	0	1	1	0	1	0	0	0	0	0	-1	-1	1	-1	-1	0	-1	1	1	1	0	0	1	-1	-1	2	1	-1	1	1	1	-1	2	0	0	0	-1	0	0	-1	0	1	-1	1	-1	0	0	1	0	2	1	1	0	-1	1	-1	1	1	0	-1	-1	0	-1	0	-1	1	2	0	0	0	0	1	0	2	1	-1	1	-1	1	0	0	1	0	0	-1	0	1	0	-1	1	1	1	1	1	1	-1	1	1	1	-1	-1	1	1	-1	0	-1	0	0	0	1	1	-1	-1	0	0	-1	1	0	-1	1	-1	-1
hsa-mir-652		-1	0	-1	-1	0	0	0	-1	0	0	0	0	-1	-1	0	-1	0	0	0	0	1	0	-1	1	0	-1	0	1	-1	1	-1	-1	-1	-1	0	-1	1	0	0	-1	1	1	0	1	0	1	-1	0	-1	0	-1	0	0	-1	-1	1	0	0	0	1	-1	-1	0	-1	-1	-1	-1	-1	-1	-1	0	-1	-1	-1	-1	-1	-1	-1	-1	-1	1	0	0	-1	1	-1	-1	1	0	0	-1	-1	-1	0	0	0	-1	-1	-1	-1	-1	-1	-1	0	1	-1	0	-1	-1	0	-1	-1	0	-1	-1	0	-1	-1	0	0	0	0	-1	-1	0	0	0	-1	-1	0	0	-1	-1	-1	1	-1	-1	0	-1	-1	1	1	0	-1	-1	-1	-1	-1	-1	-1	1	-1	0	-1	-1	-1	-1	0	-1	0	-1	-1	-1	-1	0	-1	0	0	-1	0	0	-1	0	0	0	1	-1	-1	0	1	-1	1	-1	2	-1	-1	-1	-1	0	-1	0	-1	-1	0	-1	-1	1	1	-1	-2	0	-1	0	-1	1	0
hsa-mir-663		1	0	1	1	0	0	0	1	0	1	0	0	-1	0	0	0	0	1	0	0	1	0	-1	0	0	0	1	-1	0	0	-1	0	-1	-1	0	1	1	1	1	1	0	1	0	1	0	1	0	0	0	0	-1	0	0	0	-1	1	0	0	1	0	-1	1	0	0	0	-1	-1	0	-1	-1	0	0	1	0	0	0	0	0	1	-1	0	0	1	-1	1	1	-1	1	1	0	0	0	0	0	1	1	-1	-1	1	-1	-1	0	-1	-1	1	-1	1	0	0	1	1	-1	1	1	1	-1	0	1	0	0	2	0	0	-1	1	0	0	1	1	0	0	1	0	1	1	1	0	1	1	0	1	1	0	-1	1	0	1	0	0	-1	0	-1	0	1	0	1	1	0	1	1	1	-1	-1	0	1	0	0	0	1	0	1	0	-1	-1	0	1	-1	-1	1	1	1	1	1	-1	0	1	1	1	-1	1	0	-1	0	0	0	0	1	1	0	-1	1	0	0	1	0	1
hsa-mir-720		-1	0	1	0	0	0	0	-1	0	-1	0	0	0	-2	0	0	0	-2	0	0	-1	0	0	-1	0	0	1	0	0	0	0	0	0	0	1	1	1	0	-1	-1	0	-1	0	-1	0	-1	0	0	0	0	0	-1	-1	0	-1	-1	0	0	1	1	0	-1	0	0	0	0	-1	0	0	-1	0	-1	0	-1	0	0	0	0	0	0	1	-1	-1	0	1	0	0	1	0	0	0	0	-1	0	1	1	1	0	0	0	1	0	1	0	0	1	1	-1	0	0	0	0	-1	1	1	2	0	-1	-1	0	0	0	-1	0	0	-1	0	0	0	0	0	1	0	-1	1	0	0	1	0	0	1	-1	0	-1	1	0	-1	-1	0	0	0	0	0	0	0	1	1	0	1	1	-1	-1	-1	0	-1	-1	0	-1	0	0	-1	0	0	0	0	1	0	0	-1	1	1	0	1	0	-1	-1	1	-1	0	1	0	0	0	1	0	0	-1	-1	0	1	0	0	0	-1	0	-1
hsa-mir-886		0	1	0	0	0	0	0	0	0	0	0	0	0	0	0	0	0	1	0	0	0	0	0	0	0	1	1	0	0	0	0	0	0	0	1	1	-1	0	1	1	0	1	0	1	0	1	0	0	0	0	0	0	0	0	2	1	0	2	0	1	1	-1	0	0	1	0	1	0	0	1	0	0	1	1	0	0	0	0	0	0	0	0	1	2	1	-1	0	-1	-1	1	0	0	0	0	-1	0	-1	-1	1	0	0	1	1	1	1	0	-1	-1	0	1	0	0	1	-2	-1	-1	0	1	2	0	1	0	0	-1	0	0	0	1	0	0	0	-1	-1	2	1	1	0	1	1	-1	1	1	0	-1	-1	0	1	0	0	0	0	0	0	1	0	-1	0	0	-1	-1	0	0	1	0	0	1	0	1	1	0	0	0	0	0	0	-1	1	0	-1	1	-1	0	1	-1	0	-1	-1	1	1	1	0	0	0	-1	0	0	-1	1	-1	-1	-1	-1	0	1	0	0
hsa-mir-887		1	1	0	-1	0	0	0	-1	0	1	0	0	0	0	1	0	0	-1	0	0	1	0	1	2	0	1	1	1	0	-1	0	1	0	0	1	1	-1	2	2	1	1	2	1	-1	0	1	0	-1	0	0	1	-1	0	0	-1	1	0	0	1	1	1	-1	0	0	1	0	1	0	0	1	0	0	1	1	0	0	0	1	0	0	1	0	-1	1	1	2	0	1	2	1	0	1	0	0	1	-1	-1	2	1	1	-1	1	1	1	1	0	1	1	0	1	1	0	1	1	0	1	0	1	0	0	1	0	-1	-1	0	0	0	2	0	0	0	1	0	1	1	2	0	1	0	0	1	1	0	1	1	1	-1	0	1	0	0	1	0	1	0	1	1	0	0	-1	1	0	-1	0	0	1	0	1	1	0	0	0	0	1	1	-1	1	1	1	1	1	1	1	1	0	1	1	1	0	1	0	1	0	-1	1	1	2	1	0	2	-1	0	0	1	-1	-1
hsa-mir-924		0	0	1	-1	0	0	0	-1	0	-1	0	0	0	0	0	1	0	0	0	0	-1	0	1	-1	1	0	1	-1	0	1	-1	0	0	0	1	1	-1	1	0	-1	0	1	-1	-1	0	-1	0	0	-1	0	0	-1	0	0	0	1	0	0	1	0	-1	-1	0	0	0	1	-1	0	-1	1	0	0	-1	0	0	0	2	-1	0	-1	0	0	-1	1	-1	-1	0	0	0	0	-1	0	0	0	-1	-1	-1	-1	0	0	-1	0	-1	-1	0	1	-1	-1	0	-1	-1	1	1	0	-1	1	0	0	-1	0	2	0	0	1	0	0	0	1	-1	0	0	-1	0	0	1	-1	-1	1	-1	0	1	-1	0	1	-1	0	-1	0	-1	1	0	0	0	0	0	-1	-1	0	-1	-1	0	-1	-1	0	-1	-1	0	1	0	0	1	0	0	-1	1	-1	-2	-1	-1	-1	0	1	-1	-1	-1	-1	-1	-1	0	-1	0	0	0	-1	1	0	-1	-1	0	-2	0	0	0	1	1	-1
hsa-mir-95		0	0	1	0	0	0	0	0	0	1	0	0	0	-1	0	-1	0	-1	0	0	0	0	-1	0	0	0	-1	1	0	0	1	0	0	0	1	1	1	-1	0	1	0	1	0	1	0	0	0	-1	0	0	0	-1	0	0	0	1	-1	0	-1	0	0	-2	0	0	-1	-1	1	0	1	-1	-1	0	0	-1	0	0	0	1	0	1	1	0	1	1	1	0	0	-1	-1	1	0	0	0	0	-1	1	-1	1	1	0	-1	0	1	-1	0	-1	-1	1	0	1	1	0	0	0	1	1	-1	0	0	0	-1	0	0	0	0	0	0	-1	0	0	0	1	-1	2	-1	-1	0	0	0	0	0	1	-1	1	1	0	1	0	1	1	0	0	0	-1	-1	1	0	0	1	1	-1	0	1	0	-1	1	0	-1	1	0	1	0	1	0	-1	1	1	0	1	1	-1	0	1	1	0	1	1	1	0	-1	0	2	-1	1	1	-1	1	1	0	1	1	0	0	1	1	1
